Plot Title:  20949289,,,,,,,
#,"Date Time, GMT-06:00","Abs Pres, kPa (LGR S/N: 20949289, SEN S/N: 20949289)","Temp, °C (LGR S/N: 20949289, SEN S/N: 20949289)",Coupler Detached (LGR S/N: 20949289),Coupler Attached (LGR S/N: 20949289),Host Connected (LGR S/N: 20949289),End Of File (LGR S/N: 20949289)
1,5/24/22 9:06,72.662,13.269,,,,
2,5/24/22 9:06,,,Logged,,,
3,5/24/22 9:11,72.674,16.618,,,,
4,5/24/22 9:16,72.673,16.427,,,,
5,5/24/22 9:21,72.659,15.951,,,,
6,5/24/22 9:26,72.512,15.569,,,,
7,5/24/22 9:31,72.134,14.804,,,,
8,5/24/22 9:36,72.135,14.996,,,,
9,5/24/22 9:41,72.111,15.091,,,,
36,5/24/22 9:46,71.976,14.517,,,,
37,5/24/22 9:51,71.975,14.23,,,,
38,5/24/22 9:56,72.253,14.134,,,,
39,5/24/22 10:01,71.962,13.75,,,,
42,5/24/22 10:06,71.95,13.75,,,,
44,5/24/22 10:11,71.962,13.942,,,,
50,5/24/22 10:16,71.962,13.846,,,,
51,5/24/22 10:21,71.927,14.23,,,,
63,5/24/22 10:26,71.965,14.709,,,,
64,5/24/22 10:31,71.948,12.69,,,,
65,5/24/22 10:36,71.935,10.455,,,,
66,5/24/22 10:41,71.938,8.68,,,,
67,5/24/22 10:46,71.93,7.381,,,,
68,5/24/22 10:51,71.935,6.268,,,,
69,5/24/22 10:56,71.939,5.45,,,,
70,5/24/22 11:01,71.943,4.727,,,,
71,5/24/22 11:06,71.934,4.207,,,,
72,5/24/22 11:11,71.937,3.788,,,,
73,5/24/22 11:16,71.939,3.472,,,,
74,5/24/22 11:21,71.941,3.155,,,,
75,5/24/22 11:26,71.931,2.943,,,,
76,5/24/22 11:31,71.932,2.837,,,,
77,5/24/22 11:36,71.945,2.73,,,,
78,5/24/22 11:41,71.921,2.624,,,,
79,5/24/22 11:46,71.934,2.517,,,,
80,5/24/22 11:51,71.923,2.41,,,,
81,5/24/22 11:56,71.924,2.303,,,,
82,5/24/22 12:01,71.924,2.303,,,,
83,5/24/22 12:06,71.924,2.303,,,,
84,5/24/22 12:11,71.925,2.195,,,,
85,5/24/22 12:16,71.913,2.195,,,,
86,5/24/22 12:21,71.913,2.195,,,,
87,5/24/22 12:26,71.925,2.195,,,,
88,5/24/22 12:31,71.913,2.195,,,,
89,5/24/22 12:36,71.925,2.195,,,,
90,5/24/22 12:41,71.914,2.088,,,,
91,5/24/22 12:46,71.926,2.088,,,,
92,5/24/22 12:51,71.914,2.088,,,,
93,5/24/22 12:56,71.902,2.088,,,,
94,5/24/22 13:01,71.902,2.088,,,,
95,5/24/22 13:06,71.914,2.088,,,,
96,5/24/22 13:11,71.914,2.088,,,,
97,5/24/22 13:16,71.914,2.088,,,,
98,5/24/22 13:21,71.914,2.088,,,,
99,5/24/22 13:26,71.914,2.088,,,,
100,5/24/22 13:31,71.914,2.088,,,,
101,5/24/22 13:36,71.926,2.088,,,,
102,5/24/22 13:41,71.914,2.088,,,,
103,5/24/22 13:46,71.926,2.088,,,,
104,5/24/22 13:51,71.926,2.088,,,,
105,5/24/22 13:56,71.926,2.088,,,,
106,5/24/22 14:01,71.938,2.088,,,,
107,5/24/22 14:06,71.95,2.088,,,,
108,5/24/22 14:11,71.95,2.088,,,,
109,5/24/22 14:16,71.962,2.088,,,,
110,5/24/22 14:21,71.962,2.088,,,,
111,5/24/22 14:26,71.974,2.088,,,,
112,5/24/22 14:31,71.962,2.088,,,,
113,5/24/22 14:36,71.974,2.088,,,,
114,5/24/22 14:41,71.974,2.088,,,,
115,5/24/22 14:46,71.974,2.088,,,,
116,5/24/22 14:51,71.986,2.088,,,,
117,5/24/22 14:56,71.986,2.088,,,,
118,5/24/22 15:01,71.986,2.088,,,,
119,5/24/22 15:06,71.986,2.088,,,,
120,5/24/22 15:11,71.986,2.088,,,,
121,5/24/22 15:16,71.986,2.088,,,,
122,5/24/22 15:21,71.974,2.088,,,,
123,5/24/22 15:26,71.974,2.088,,,,
124,5/24/22 15:31,71.986,2.088,,,,
125,5/24/22 15:36,71.986,2.088,,,,
126,5/24/22 15:41,71.998,2.088,,,,
127,5/24/22 15:46,71.986,2.088,,,,
128,5/24/22 15:51,71.986,2.088,,,,
129,5/24/22 15:56,71.998,2.088,,,,
130,5/24/22 16:01,72.01,2.088,,,,
131,5/24/22 16:06,72.01,2.088,,,,
132,5/24/22 16:11,72.022,2.088,,,,
133,5/24/22 16:16,72.011,1.98,,,,
134,5/24/22 16:21,72.011,1.98,,,,
135,5/24/22 16:26,72.01,2.088,,,,
136,5/24/22 16:31,72.023,1.98,,,,
137,5/24/22 16:36,72.022,2.088,,,,
138,5/24/22 16:41,72.023,1.98,,,,
139,5/24/22 16:46,72.011,1.98,,,,
140,5/24/22 16:51,72.022,2.088,,,,
141,5/24/22 16:56,72.023,1.98,,,,
142,5/24/22 17:01,72.023,1.98,,,,
143,5/24/22 17:06,72.035,1.98,,,,
144,5/24/22 17:11,72.035,1.98,,,,
145,5/24/22 17:16,72.047,1.98,,,,
146,5/24/22 17:21,72.047,1.98,,,,
147,5/24/22 17:26,72.059,1.98,,,,
148,5/24/22 17:31,72.059,1.98,,,,
149,5/24/22 17:36,72.047,1.98,,,,
150,5/24/22 17:41,72.047,1.98,,,,
151,5/24/22 17:46,72.059,1.98,,,,
152,5/24/22 17:51,72.071,1.98,,,,
153,5/24/22 17:56,72.071,1.98,,,,
154,5/24/22 18:01,72.071,1.98,,,,
155,5/24/22 18:06,72.083,1.98,,,,
156,5/24/22 18:11,72.095,1.98,,,,
157,5/24/22 18:16,72.107,1.98,,,,
158,5/24/22 18:21,72.119,1.98,,,,
159,5/24/22 18:26,72.119,1.98,,,,
160,5/24/22 18:31,72.119,1.98,,,,
161,5/24/22 18:36,72.119,1.98,,,,
162,5/24/22 18:41,72.119,1.98,,,,
163,5/24/22 18:46,72.132,1.98,,,,
164,5/24/22 18:51,72.107,1.98,,,,
165,5/24/22 18:56,72.119,1.98,,,,
166,5/24/22 19:01,72.132,1.98,,,,
167,5/24/22 19:06,72.144,1.98,,,,
168,5/24/22 19:11,72.132,1.98,,,,
169,5/24/22 19:16,72.144,1.98,,,,
170,5/24/22 19:21,72.132,1.98,,,,
171,5/24/22 19:26,72.144,1.98,,,,
172,5/24/22 19:31,72.144,1.98,,,,
173,5/24/22 19:36,72.156,1.98,,,,
174,5/24/22 19:41,72.144,1.98,,,,
175,5/24/22 19:46,72.156,1.98,,,,
176,5/24/22 19:51,72.156,1.98,,,,
177,5/24/22 19:56,72.168,1.98,,,,
178,5/24/22 20:01,72.18,1.98,,,,
179,5/24/22 20:06,72.18,1.98,,,,
180,5/24/22 20:11,72.18,1.98,,,,
181,5/24/22 20:16,72.192,1.98,,,,
182,5/24/22 20:21,72.192,1.98,,,,
183,5/24/22 20:26,72.204,1.98,,,,
184,5/24/22 20:31,72.192,1.98,,,,
185,5/24/22 20:36,72.192,1.98,,,,
186,5/24/22 20:41,72.204,1.98,,,,
187,5/24/22 20:46,72.192,1.98,,,,
188,5/24/22 20:51,72.204,1.98,,,,
189,5/24/22 20:56,72.204,1.98,,,,
190,5/24/22 21:01,72.192,1.98,,,,
191,5/24/22 21:06,72.216,1.98,,,,
192,5/24/22 21:11,72.216,1.98,,,,
193,5/24/22 21:16,72.228,1.98,,,,
194,5/24/22 21:21,72.228,1.98,,,,
195,5/24/22 21:26,72.24,1.98,,,,
196,5/24/22 21:31,72.24,1.98,,,,
197,5/24/22 21:36,72.24,1.98,,,,
198,5/24/22 21:41,72.24,1.98,,,,
199,5/24/22 21:46,72.24,1.98,,,,
200,5/24/22 21:51,72.252,1.98,,,,
201,5/24/22 21:56,72.252,1.98,,,,
202,5/24/22 22:01,72.252,1.98,,,,
203,5/24/22 22:06,72.264,1.98,,,,
204,5/24/22 22:11,72.264,1.98,,,,
205,5/24/22 22:16,72.276,1.98,,,,
206,5/24/22 22:21,72.276,1.98,,,,
207,5/24/22 22:26,72.276,1.98,,,,
208,5/24/22 22:31,72.264,1.98,,,,
209,5/24/22 22:36,72.276,1.98,,,,
210,5/24/22 22:41,72.276,1.98,,,,
211,5/24/22 22:46,72.264,1.98,,,,
212,5/24/22 22:51,72.264,1.98,,,,
213,5/24/22 22:56,72.264,1.98,,,,
214,5/24/22 23:01,72.252,1.98,,,,
215,5/24/22 23:06,72.264,1.98,,,,
216,5/24/22 23:11,72.252,1.98,,,,
217,5/24/22 23:16,72.252,1.98,,,,
218,5/24/22 23:21,72.24,1.98,,,,
219,5/24/22 23:26,72.252,1.98,,,,
220,5/24/22 23:31,72.252,1.98,,,,
221,5/24/22 23:36,72.24,1.98,,,,
222,5/24/22 23:41,72.252,1.98,,,,
223,5/24/22 23:46,72.24,1.98,,,,
224,5/24/22 23:51,72.252,1.98,,,,
225,5/24/22 23:56,72.252,1.98,,,,
226,5/25/22 0:01,72.252,1.98,,,,
227,5/25/22 0:06,72.252,1.98,,,,
228,5/25/22 0:11,72.252,1.98,,,,
229,5/25/22 0:16,72.24,1.98,,,,
230,5/25/22 0:21,72.252,1.98,,,,
231,5/25/22 0:26,72.252,1.98,,,,
232,5/25/22 0:31,72.24,1.98,,,,
233,5/25/22 0:36,72.252,1.98,,,,
234,5/25/22 0:41,72.24,1.98,,,,
235,5/25/22 0:46,72.24,1.98,,,,
236,5/25/22 0:51,72.24,1.98,,,,
237,5/25/22 0:56,72.24,1.98,,,,
238,5/25/22 1:01,72.252,1.98,,,,
239,5/25/22 1:06,72.252,1.98,,,,
240,5/25/22 1:11,72.24,1.98,,,,
241,5/25/22 1:16,72.264,1.98,,,,
242,5/25/22 1:21,72.24,1.98,,,,
243,5/25/22 1:26,72.252,1.98,,,,
244,5/25/22 1:31,72.24,1.98,,,,
245,5/25/22 1:36,72.24,1.98,,,,
246,5/25/22 1:41,72.228,1.98,,,,
247,5/25/22 1:46,72.24,1.98,,,,
248,5/25/22 1:51,72.228,1.98,,,,
249,5/25/22 1:56,72.228,1.98,,,,
250,5/25/22 2:01,72.24,1.98,,,,
251,5/25/22 2:06,72.24,1.98,,,,
252,5/25/22 2:11,72.24,1.98,,,,
253,5/25/22 2:16,72.24,1.98,,,,
254,5/25/22 2:21,72.24,1.98,,,,
255,5/25/22 2:26,72.252,1.98,,,,
256,5/25/22 2:31,72.264,1.98,,,,
257,5/25/22 2:36,72.264,1.98,,,,
258,5/25/22 2:41,72.264,1.98,,,,
259,5/25/22 2:46,72.264,1.98,,,,
260,5/25/22 2:51,72.264,1.98,,,,
261,5/25/22 2:56,72.264,1.98,,,,
262,5/25/22 3:01,72.276,1.98,,,,
263,5/25/22 3:06,72.276,1.98,,,,
264,5/25/22 3:11,72.288,1.98,,,,
265,5/25/22 3:16,72.288,1.98,,,,
266,5/25/22 3:21,72.288,1.98,,,,
267,5/25/22 3:26,72.288,1.98,,,,
268,5/25/22 3:31,72.3,1.98,,,,
269,5/25/22 3:36,72.3,1.98,,,,
270,5/25/22 3:41,72.3,1.98,,,,
271,5/25/22 3:46,72.288,1.98,,,,
272,5/25/22 3:51,72.288,1.98,,,,
273,5/25/22 3:56,72.276,1.98,,,,
274,5/25/22 4:01,72.3,1.98,,,,
275,5/25/22 4:06,72.3,1.98,,,,
276,5/25/22 4:11,72.3,1.98,,,,
277,5/25/22 4:16,72.3,1.98,,,,
278,5/25/22 4:21,72.3,1.98,,,,
279,5/25/22 4:26,72.3,1.98,,,,
280,5/25/22 4:31,72.3,1.98,,,,
281,5/25/22 4:36,72.288,1.98,,,,
282,5/25/22 4:41,72.3,1.98,,,,
283,5/25/22 4:46,72.288,1.98,,,,
284,5/25/22 4:51,72.3,1.98,,,,
285,5/25/22 4:56,72.312,1.98,,,,
286,5/25/22 5:01,72.324,1.98,,,,
287,5/25/22 5:06,72.312,1.98,,,,
288,5/25/22 5:11,72.312,1.98,,,,
289,5/25/22 5:16,72.312,1.98,,,,
290,5/25/22 5:21,72.312,1.98,,,,
291,5/25/22 5:26,72.312,1.98,,,,
292,5/25/22 5:31,72.312,1.98,,,,
293,5/25/22 5:36,72.324,1.98,,,,
294,5/25/22 5:41,72.324,1.98,,,,
295,5/25/22 5:46,72.336,1.98,,,,
296,5/25/22 5:51,72.336,1.98,,,,
297,5/25/22 5:56,72.336,1.98,,,,
298,5/25/22 6:01,72.336,1.98,,,,
299,5/25/22 6:06,72.36,1.98,,,,
300,5/25/22 6:11,72.372,1.98,,,,
301,5/25/22 6:16,72.36,1.98,,,,
302,5/25/22 6:21,72.36,1.98,,,,
303,5/25/22 6:26,72.372,1.98,,,,
304,5/25/22 6:31,72.372,1.98,,,,
305,5/25/22 6:36,72.372,1.98,,,,
306,5/25/22 6:41,72.384,1.98,,,,
307,5/25/22 6:46,72.397,1.98,,,,
308,5/25/22 6:51,72.384,1.98,,,,
309,5/25/22 6:56,72.384,1.98,,,,
310,5/25/22 7:01,72.384,1.98,,,,
311,5/25/22 7:06,72.397,1.98,,,,
312,5/25/22 7:11,72.384,1.98,,,,
313,5/25/22 7:16,72.384,1.98,,,,
314,5/25/22 7:21,72.384,1.98,,,,
315,5/25/22 7:26,72.397,1.98,,,,
316,5/25/22 7:31,72.409,1.98,,,,
317,5/25/22 7:36,72.409,1.98,,,,
318,5/25/22 7:41,72.409,1.98,,,,
319,5/25/22 7:46,72.409,1.98,,,,
320,5/25/22 7:51,72.397,1.98,,,,
321,5/25/22 7:56,72.409,1.98,,,,
322,5/25/22 8:01,72.397,1.98,,,,
323,5/25/22 8:06,72.409,1.98,,,,
324,5/25/22 8:11,72.421,1.98,,,,
325,5/25/22 8:16,72.421,1.98,,,,
326,5/25/22 8:21,72.421,1.98,,,,
327,5/25/22 8:26,72.433,1.98,,,,
328,5/25/22 8:31,72.433,1.98,,,,
329,5/25/22 8:36,72.433,1.98,,,,
330,5/25/22 8:41,72.433,1.98,,,,
331,5/25/22 8:46,72.421,1.98,,,,
332,5/25/22 8:51,72.421,1.98,,,,
333,5/25/22 8:56,72.433,1.98,,,,
334,5/25/22 9:01,72.421,1.98,,,,
335,5/25/22 9:06,72.433,1.98,,,,
336,5/25/22 9:11,72.445,1.98,,,,
337,5/25/22 9:16,72.445,1.98,,,,
338,5/25/22 9:21,72.445,1.98,,,,
339,5/25/22 9:26,72.445,1.98,,,,
340,5/25/22 9:31,72.433,1.98,,,,
341,5/25/22 9:36,72.433,1.98,,,,
342,5/25/22 9:41,72.457,1.98,,,,
343,5/25/22 9:46,72.445,1.98,,,,
344,5/25/22 9:51,72.457,1.98,,,,
345,5/25/22 9:56,72.445,1.98,,,,
346,5/25/22 10:01,72.445,1.98,,,,
347,5/25/22 10:06,72.457,1.98,,,,
348,5/25/22 10:11,72.445,1.98,,,,
349,5/25/22 10:16,72.445,1.98,,,,
350,5/25/22 10:21,72.445,1.98,,,,
351,5/25/22 10:26,72.445,1.98,,,,
352,5/25/22 10:31,72.433,1.98,,,,
353,5/25/22 10:36,72.445,1.98,,,,
354,5/25/22 10:41,72.445,1.98,,,,
355,5/25/22 10:46,72.445,1.98,,,,
356,5/25/22 10:51,72.457,1.98,,,,
357,5/25/22 10:56,72.445,1.98,,,,
358,5/25/22 11:01,72.457,1.98,,,,
359,5/25/22 11:06,72.445,1.98,,,,
360,5/25/22 11:11,72.445,1.98,,,,
361,5/25/22 11:16,72.457,1.98,,,,
362,5/25/22 11:21,72.445,1.98,,,,
363,5/25/22 11:26,72.457,1.98,,,,
364,5/25/22 11:31,72.457,1.98,,,,
365,5/25/22 11:36,72.457,1.98,,,,
366,5/25/22 11:41,72.445,1.98,,,,
367,5/25/22 11:46,72.457,1.98,,,,
368,5/25/22 11:51,72.445,1.98,,,,
369,5/25/22 11:56,72.445,1.98,,,,
370,5/25/22 12:01,72.445,1.98,,,,
371,5/25/22 12:06,72.445,1.98,,,,
372,5/25/22 12:11,72.445,1.98,,,,
373,5/25/22 12:16,72.445,1.98,,,,
374,5/25/22 12:21,72.445,1.98,,,,
375,5/25/22 12:26,72.445,1.98,,,,
376,5/25/22 12:31,72.445,1.98,,,,
377,5/25/22 12:36,72.445,1.98,,,,
378,5/25/22 12:41,72.433,1.98,,,,
379,5/25/22 12:46,72.433,1.98,,,,
380,5/25/22 12:51,72.433,1.98,,,,
381,5/25/22 12:56,72.433,1.98,,,,
382,5/25/22 13:01,72.433,1.98,,,,
383,5/25/22 13:06,72.433,1.98,,,,
384,5/25/22 13:11,72.433,1.98,,,,
385,5/25/22 13:16,72.409,1.98,,,,
386,5/25/22 13:21,72.397,1.98,,,,
387,5/25/22 13:26,72.409,1.98,,,,
388,5/25/22 13:31,72.397,1.98,,,,
389,5/25/22 13:36,72.397,1.98,,,,
390,5/25/22 13:41,72.397,1.98,,,,
391,5/25/22 13:46,72.397,1.98,,,,
392,5/25/22 13:51,72.384,1.98,,,,
393,5/25/22 13:56,72.384,1.98,,,,
394,5/25/22 14:01,72.384,1.98,,,,
395,5/25/22 14:06,72.384,1.98,,,,
396,5/25/22 14:11,72.397,1.98,,,,
397,5/25/22 14:16,72.409,1.98,,,,
398,5/25/22 14:21,72.409,1.98,,,,
399,5/25/22 14:26,72.409,1.98,,,,
400,5/25/22 14:31,72.421,1.98,,,,
401,5/25/22 14:36,72.409,1.98,,,,
402,5/25/22 14:41,72.433,1.98,,,,
403,5/25/22 14:46,72.409,1.98,,,,
404,5/25/22 14:51,72.397,1.98,,,,
405,5/25/22 14:56,72.421,1.98,,,,
406,5/25/22 15:01,72.421,1.98,,,,
407,5/25/22 15:06,72.421,1.98,,,,
408,5/25/22 15:11,72.421,1.98,,,,
409,5/25/22 15:16,72.409,1.98,,,,
410,5/25/22 15:21,72.421,1.98,,,,
411,5/25/22 15:26,72.409,1.98,,,,
412,5/25/22 15:31,72.397,1.98,,,,
413,5/25/22 15:36,72.409,1.98,,,,
414,5/25/22 15:41,72.409,1.98,,,,
415,5/25/22 15:46,72.397,1.98,,,,
416,5/25/22 15:51,72.397,1.98,,,,
417,5/25/22 15:56,72.409,1.98,,,,
418,5/25/22 16:01,72.409,1.98,,,,
419,5/25/22 16:06,72.397,1.98,,,,
420,5/25/22 16:11,72.421,1.98,,,,
421,5/25/22 16:16,72.421,1.98,,,,
422,5/25/22 16:21,72.421,1.98,,,,
423,5/25/22 16:26,72.433,1.98,,,,
424,5/25/22 16:31,72.409,1.98,,,,
425,5/25/22 16:36,72.409,1.98,,,,
426,5/25/22 16:41,72.409,1.98,,,,
427,5/25/22 16:46,72.421,1.98,,,,
428,5/25/22 16:51,72.409,1.98,,,,
429,5/25/22 16:56,72.421,1.98,,,,
430,5/25/22 17:01,72.433,1.98,,,,
431,5/25/22 17:06,72.421,1.98,,,,
432,5/25/22 17:11,72.421,1.98,,,,
433,5/25/22 17:16,72.409,1.98,,,,
434,5/25/22 17:21,72.409,1.98,,,,
435,5/25/22 17:26,72.421,1.98,,,,
436,5/25/22 17:31,72.421,1.98,,,,
437,5/25/22 17:36,72.409,1.98,,,,
438,5/25/22 17:41,72.409,1.98,,,,
439,5/25/22 17:46,72.409,1.98,,,,
440,5/25/22 17:51,72.433,1.98,,,,
441,5/25/22 17:56,72.421,1.98,,,,
442,5/25/22 18:01,72.421,1.98,,,,
443,5/25/22 18:06,72.433,1.98,,,,
444,5/25/22 18:11,72.433,1.98,,,,
445,5/25/22 18:16,72.457,1.98,,,,
446,5/25/22 18:21,72.445,1.98,,,,
447,5/25/22 18:26,72.445,1.98,,,,
448,5/25/22 18:31,72.445,1.98,,,,
449,5/25/22 18:36,72.469,1.98,,,,
450,5/25/22 18:41,72.457,1.98,,,,
451,5/25/22 18:46,72.469,1.98,,,,
452,5/25/22 18:51,72.469,1.98,,,,
453,5/25/22 18:56,72.469,1.98,,,,
454,5/25/22 19:01,72.481,1.98,,,,
455,5/25/22 19:06,72.493,1.98,,,,
456,5/25/22 19:11,72.481,1.98,,,,
457,5/25/22 19:16,72.493,1.98,,,,
458,5/25/22 19:21,72.493,1.98,,,,
459,5/25/22 19:26,72.505,1.98,,,,
460,5/25/22 19:31,72.505,1.98,,,,
461,5/25/22 19:36,72.505,1.98,,,,
462,5/25/22 19:41,72.517,1.98,,,,
463,5/25/22 19:46,72.505,1.98,,,,
464,5/25/22 19:51,72.517,1.98,,,,
465,5/25/22 19:56,72.517,1.98,,,,
466,5/25/22 20:01,72.529,1.98,,,,
467,5/25/22 20:06,72.517,1.98,,,,
468,5/25/22 20:11,72.517,1.98,,,,
469,5/25/22 20:16,72.529,1.98,,,,
470,5/25/22 20:21,72.529,1.98,,,,
471,5/25/22 20:26,72.541,1.98,,,,
472,5/25/22 20:31,72.529,1.98,,,,
473,5/25/22 20:36,72.529,1.98,,,,
474,5/25/22 20:41,72.517,1.98,,,,
475,5/25/22 20:46,72.529,1.98,,,,
476,5/25/22 20:51,72.517,1.98,,,,
477,5/25/22 20:56,72.529,1.98,,,,
478,5/25/22 21:01,72.529,1.98,,,,
479,5/25/22 21:06,72.541,1.98,,,,
480,5/25/22 21:11,72.529,1.98,,,,
481,5/25/22 21:16,72.529,1.98,,,,
482,5/25/22 21:21,72.541,1.98,,,,
483,5/25/22 21:26,72.529,1.98,,,,
484,5/25/22 21:31,72.541,1.98,,,,
485,5/25/22 21:36,72.553,1.98,,,,
486,5/25/22 21:41,72.553,1.98,,,,
487,5/25/22 21:46,72.553,1.98,,,,
488,5/25/22 21:51,72.565,1.98,,,,
489,5/25/22 21:56,72.553,1.98,,,,
490,5/25/22 22:01,72.565,1.98,,,,
491,5/25/22 22:06,72.565,1.98,,,,
492,5/25/22 22:11,72.577,1.98,,,,
493,5/25/22 22:16,72.565,1.98,,,,
494,5/25/22 22:21,72.577,1.98,,,,
495,5/25/22 22:26,72.565,1.98,,,,
496,5/25/22 22:31,72.553,1.98,,,,
497,5/25/22 22:36,72.553,1.98,,,,
498,5/25/22 22:41,72.541,1.98,,,,
499,5/25/22 22:46,72.541,1.98,,,,
500,5/25/22 22:51,72.529,1.98,,,,
501,5/25/22 22:56,72.541,1.98,,,,
502,5/25/22 23:01,72.541,1.98,,,,
503,5/25/22 23:06,72.541,1.98,,,,
504,5/25/22 23:11,72.541,1.98,,,,
505,5/25/22 23:16,72.541,1.98,,,,
506,5/25/22 23:21,72.541,1.98,,,,
507,5/25/22 23:26,72.553,1.98,,,,
508,5/25/22 23:31,72.541,1.98,,,,
509,5/25/22 23:36,72.553,1.98,,,,
510,5/25/22 23:41,72.541,1.98,,,,
511,5/25/22 23:46,72.541,1.98,,,,
512,5/25/22 23:51,72.553,1.98,,,,
513,5/25/22 23:56,72.541,1.98,,,,
514,5/26/22 0:01,72.553,1.98,,,,
515,5/26/22 0:06,72.541,1.98,,,,
516,5/26/22 0:11,72.541,1.98,,,,
517,5/26/22 0:16,72.541,1.98,,,,
518,5/26/22 0:21,72.541,1.98,,,,
519,5/26/22 0:26,72.553,1.98,,,,
520,5/26/22 0:31,72.553,1.98,,,,
521,5/26/22 0:36,72.553,1.98,,,,
522,5/26/22 0:41,72.553,1.98,,,,
523,5/26/22 0:46,72.565,1.98,,,,
524,5/26/22 0:51,72.565,1.98,,,,
525,5/26/22 0:56,72.553,1.98,,,,
526,5/26/22 1:01,72.565,1.98,,,,
527,5/26/22 1:06,72.565,1.98,,,,
528,5/26/22 1:11,72.553,1.98,,,,
529,5/26/22 1:16,72.553,1.98,,,,
530,5/26/22 1:21,72.553,1.98,,,,
531,5/26/22 1:26,72.565,1.98,,,,
532,5/26/22 1:31,72.565,1.98,,,,
533,5/26/22 1:36,72.553,1.98,,,,
534,5/26/22 1:41,72.553,1.98,,,,
535,5/26/22 1:46,72.565,1.98,,,,
536,5/26/22 1:51,72.541,1.98,,,,
537,5/26/22 1:56,72.553,1.98,,,,
538,5/26/22 2:01,72.553,1.98,,,,
539,5/26/22 2:06,72.553,1.98,,,,
540,5/26/22 2:11,72.553,1.98,,,,
541,5/26/22 2:16,72.553,1.98,,,,
542,5/26/22 2:21,72.553,1.98,,,,
543,5/26/22 2:26,72.553,1.98,,,,
544,5/26/22 2:31,72.565,1.98,,,,
545,5/26/22 2:36,72.565,1.98,,,,
546,5/26/22 2:41,72.565,1.98,,,,
547,5/26/22 2:46,72.553,1.98,,,,
548,5/26/22 2:51,72.565,1.98,,,,
549,5/26/22 2:56,72.565,1.98,,,,
550,5/26/22 3:01,72.565,1.98,,,,
551,5/26/22 3:06,72.577,1.98,,,,
552,5/26/22 3:11,72.577,1.98,,,,
553,5/26/22 3:16,72.577,1.98,,,,
554,5/26/22 3:21,72.577,1.98,,,,
555,5/26/22 3:26,72.589,1.98,,,,
556,5/26/22 3:31,72.577,1.98,,,,
557,5/26/22 3:36,72.577,1.98,,,,
558,5/26/22 3:41,72.589,1.98,,,,
559,5/26/22 3:46,72.601,1.98,,,,
560,5/26/22 3:51,72.589,1.98,,,,
561,5/26/22 3:56,72.601,1.98,,,,
562,5/26/22 4:01,72.601,1.98,,,,
563,5/26/22 4:06,72.601,1.98,,,,
564,5/26/22 4:11,72.613,1.98,,,,
565,5/26/22 4:16,72.613,1.98,,,,
566,5/26/22 4:21,72.613,1.98,,,,
567,5/26/22 4:26,72.613,1.98,,,,
568,5/26/22 4:31,72.613,1.98,,,,
569,5/26/22 4:36,72.625,1.98,,,,
570,5/26/22 4:41,72.625,1.98,,,,
571,5/26/22 4:46,72.637,1.98,,,,
572,5/26/22 4:51,72.637,1.98,,,,
573,5/26/22 4:56,72.637,1.98,,,,
574,5/26/22 5:01,72.65,1.98,,,,
575,5/26/22 5:06,72.662,1.98,,,,
576,5/26/22 5:11,72.65,1.98,,,,
577,5/26/22 5:16,72.662,1.98,,,,
578,5/26/22 5:21,72.662,1.98,,,,
579,5/26/22 5:26,72.662,1.98,,,,
580,5/26/22 5:31,72.674,1.98,,,,
581,5/26/22 5:36,72.674,1.98,,,,
582,5/26/22 5:41,72.674,1.98,,,,
583,5/26/22 5:46,72.674,1.98,,,,
584,5/26/22 5:51,72.674,1.98,,,,
585,5/26/22 5:56,72.674,1.98,,,,
586,5/26/22 6:01,72.686,1.98,,,,
587,5/26/22 6:06,72.698,1.98,,,,
588,5/26/22 6:11,72.686,1.98,,,,
589,5/26/22 6:16,72.686,1.98,,,,
590,5/26/22 6:21,72.686,1.98,,,,
591,5/26/22 6:26,72.686,1.98,,,,
592,5/26/22 6:31,72.698,1.98,,,,
593,5/26/22 6:36,72.698,1.98,,,,
594,5/26/22 6:41,72.698,1.98,,,,
595,5/26/22 6:46,72.722,1.98,,,,
596,5/26/22 6:51,72.71,1.98,,,,
597,5/26/22 6:56,72.722,1.98,,,,
598,5/26/22 7:01,72.722,1.98,,,,
599,5/26/22 7:06,72.734,1.98,,,,
600,5/26/22 7:11,72.71,1.98,,,,
601,5/26/22 7:16,72.734,1.98,,,,
602,5/26/22 7:21,72.722,1.98,,,,
603,5/26/22 7:26,72.734,1.98,,,,
604,5/26/22 7:31,72.734,1.98,,,,
605,5/26/22 7:36,72.734,1.98,,,,
606,5/26/22 7:41,72.734,1.98,,,,
607,5/26/22 7:46,72.746,1.98,,,,
608,5/26/22 7:51,72.734,1.98,,,,
609,5/26/22 7:56,72.734,1.98,,,,
610,5/26/22 8:01,72.734,1.98,,,,
611,5/26/22 8:06,72.722,1.98,,,,
612,5/26/22 8:11,72.734,1.98,,,,
613,5/26/22 8:16,72.734,1.98,,,,
614,5/26/22 8:21,72.746,1.98,,,,
615,5/26/22 8:26,72.734,1.98,,,,
616,5/26/22 8:31,72.734,1.98,,,,
617,5/26/22 8:36,72.734,1.98,,,,
618,5/26/22 8:41,72.746,1.98,,,,
619,5/26/22 8:46,72.734,1.98,,,,
620,5/26/22 8:51,72.746,1.98,,,,
621,5/26/22 8:56,72.746,1.98,,,,
622,5/26/22 9:01,72.758,1.98,,,,
623,5/26/22 9:06,72.758,1.98,,,,
624,5/26/22 9:11,72.758,1.98,,,,
625,5/26/22 9:16,72.758,1.98,,,,
626,5/26/22 9:21,72.758,1.98,,,,
627,5/26/22 9:26,72.758,1.98,,,,
628,5/26/22 9:31,72.746,1.98,,,,
629,5/26/22 9:36,72.758,1.98,,,,
630,5/26/22 9:41,72.758,1.98,,,,
631,5/26/22 9:46,72.746,1.98,,,,
632,5/26/22 9:51,72.746,1.98,,,,
633,5/26/22 9:56,72.758,1.98,,,,
634,5/26/22 10:01,72.758,1.98,,,,
635,5/26/22 10:06,72.746,1.98,,,,
636,5/26/22 10:11,72.758,1.98,,,,
637,5/26/22 10:16,72.77,1.98,,,,
638,5/26/22 10:21,72.77,1.98,,,,
639,5/26/22 10:26,72.77,1.98,,,,
640,5/26/22 10:31,72.758,1.98,,,,
641,5/26/22 10:36,72.77,1.98,,,,
642,5/26/22 10:41,72.746,1.98,,,,
643,5/26/22 10:46,72.758,1.98,,,,
644,5/26/22 10:51,72.77,1.98,,,,
645,5/26/22 10:56,72.758,1.98,,,,
646,5/26/22 11:01,72.782,1.98,,,,
647,5/26/22 11:06,72.77,1.98,,,,
648,5/26/22 11:11,72.77,1.98,,,,
649,5/26/22 11:16,72.746,1.98,,,,
650,5/26/22 11:21,72.77,1.98,,,,
651,5/26/22 11:26,72.77,1.98,,,,
652,5/26/22 11:31,72.758,1.98,,,,
653,5/26/22 11:36,72.758,1.98,,,,
654,5/26/22 11:41,72.77,1.98,,,,
655,5/26/22 11:46,72.77,1.98,,,,
656,5/26/22 11:51,72.758,1.98,,,,
657,5/26/22 11:56,72.758,1.98,,,,
658,5/26/22 12:01,72.746,1.98,,,,
659,5/26/22 12:06,72.734,1.98,,,,
660,5/26/22 12:11,72.746,1.98,,,,
661,5/26/22 12:16,72.758,1.98,,,,
662,5/26/22 12:21,72.746,1.98,,,,
663,5/26/22 12:26,72.746,1.98,,,,
664,5/26/22 12:31,72.746,1.98,,,,
665,5/26/22 12:36,72.746,1.98,,,,
666,5/26/22 12:41,72.722,1.98,,,,
667,5/26/22 12:46,72.734,1.98,,,,
668,5/26/22 12:51,72.734,1.98,,,,
669,5/26/22 12:56,72.71,1.98,,,,
670,5/26/22 13:01,72.722,1.98,,,,
671,5/26/22 13:06,72.71,1.98,,,,
672,5/26/22 13:11,72.698,1.98,,,,
673,5/26/22 13:16,72.698,1.98,,,,
674,5/26/22 13:21,72.698,1.98,,,,
675,5/26/22 13:26,72.698,1.98,,,,
676,5/26/22 13:31,72.71,1.98,,,,
677,5/26/22 13:36,72.698,1.98,,,,
678,5/26/22 13:41,72.698,1.98,,,,
679,5/26/22 13:46,72.698,1.98,,,,
680,5/26/22 13:51,72.698,1.98,,,,
681,5/26/22 13:56,72.698,1.98,,,,
682,5/26/22 14:01,72.698,1.98,,,,
683,5/26/22 14:06,72.722,1.98,,,,
684,5/26/22 14:11,72.71,1.98,,,,
685,5/26/22 14:16,72.722,1.98,,,,
686,5/26/22 14:21,72.722,1.98,,,,
687,5/26/22 14:26,72.71,1.98,,,,
688,5/26/22 14:31,72.734,1.98,,,,
689,5/26/22 14:36,72.722,1.98,,,,
690,5/26/22 14:41,72.71,1.98,,,,
691,5/26/22 14:46,72.721,2.088,,,,
692,5/26/22 14:51,72.71,1.98,,,,
693,5/26/22 14:56,72.697,2.088,,,,
694,5/26/22 15:01,72.709,2.088,,,,
695,5/26/22 15:06,72.697,2.088,,,,
696,5/26/22 15:11,72.721,2.088,,,,
697,5/26/22 15:16,72.697,2.088,,,,
698,5/26/22 15:21,72.709,2.088,,,,
699,5/26/22 15:26,72.709,2.088,,,,
700,5/26/22 15:31,72.709,2.088,,,,
701,5/26/22 15:36,72.709,2.088,,,,
702,5/26/22 15:41,72.697,2.088,,,,
703,5/26/22 15:46,72.685,2.088,,,,
704,5/26/22 15:51,72.709,2.088,,,,
705,5/26/22 15:56,72.721,2.088,,,,
706,5/26/22 16:01,72.721,2.088,,,,
707,5/26/22 16:06,72.721,2.088,,,,
708,5/26/22 16:11,72.709,2.088,,,,
709,5/26/22 16:16,72.709,2.088,,,,
710,5/26/22 16:21,72.721,2.088,,,,
711,5/26/22 16:26,72.721,2.088,,,,
712,5/26/22 16:31,72.733,2.088,,,,
713,5/26/22 16:36,72.733,2.088,,,,
714,5/26/22 16:41,72.721,2.088,,,,
715,5/26/22 16:46,72.721,2.088,,,,
716,5/26/22 16:51,72.733,2.088,,,,
717,5/26/22 16:56,72.733,2.088,,,,
718,5/26/22 17:01,72.721,2.088,,,,
719,5/26/22 17:06,72.745,2.088,,,,
720,5/26/22 17:11,72.733,2.088,,,,
721,5/26/22 17:16,72.733,2.088,,,,
722,5/26/22 17:21,72.733,2.088,,,,
723,5/26/22 17:26,72.733,2.088,,,,
724,5/26/22 17:31,72.733,2.088,,,,
725,5/26/22 17:36,72.733,2.088,,,,
726,5/26/22 17:41,72.733,2.088,,,,
727,5/26/22 17:46,72.733,2.088,,,,
728,5/26/22 17:51,72.745,2.088,,,,
729,5/26/22 17:56,72.733,2.088,,,,
730,5/26/22 18:01,72.745,2.088,,,,
731,5/26/22 18:06,72.733,2.088,,,,
732,5/26/22 18:11,72.745,2.088,,,,
733,5/26/22 18:16,72.745,2.088,,,,
734,5/26/22 18:21,72.757,2.088,,,,
735,5/26/22 18:26,72.733,2.088,,,,
736,5/26/22 18:31,72.745,2.088,,,,
737,5/26/22 18:36,72.745,2.088,,,,
738,5/26/22 18:41,72.745,2.088,,,,
739,5/26/22 18:46,72.757,2.088,,,,
740,5/26/22 18:51,72.769,2.088,,,,
741,5/26/22 18:56,72.757,2.088,,,,
742,5/26/22 19:01,72.769,2.088,,,,
743,5/26/22 19:06,72.757,2.088,,,,
744,5/26/22 19:11,72.769,2.088,,,,
745,5/26/22 19:16,72.781,2.088,,,,
746,5/26/22 19:21,72.781,2.088,,,,
747,5/26/22 19:26,72.781,2.088,,,,
748,5/26/22 19:31,72.781,2.088,,,,
749,5/26/22 19:36,72.793,2.088,,,,
750,5/26/22 19:41,72.793,2.088,,,,
751,5/26/22 19:46,72.793,2.088,,,,
752,5/26/22 19:51,72.793,2.088,,,,
753,5/26/22 19:56,72.793,2.088,,,,
754,5/26/22 20:01,72.805,2.088,,,,
755,5/26/22 20:06,72.793,2.088,,,,
756,5/26/22 20:11,72.805,2.088,,,,
757,5/26/22 20:16,72.817,2.088,,,,
758,5/26/22 20:21,72.805,2.088,,,,
759,5/26/22 20:26,72.817,2.088,,,,
760,5/26/22 20:31,72.805,2.088,,,,
761,5/26/22 20:36,72.805,2.088,,,,
762,5/26/22 20:41,72.817,2.088,,,,
763,5/26/22 20:46,72.805,2.088,,,,
764,5/26/22 20:51,72.829,2.088,,,,
765,5/26/22 20:56,72.829,2.088,,,,
766,5/26/22 21:01,72.829,2.088,,,,
767,5/26/22 21:06,72.829,2.088,,,,
768,5/26/22 21:11,72.829,2.088,,,,
769,5/26/22 21:16,72.829,2.088,,,,
770,5/26/22 21:21,72.817,2.088,,,,
771,5/26/22 21:26,72.841,2.088,,,,
772,5/26/22 21:31,72.841,2.088,,,,
773,5/26/22 21:36,72.829,2.088,,,,
774,5/26/22 21:41,72.817,2.088,,,,
775,5/26/22 21:46,72.829,2.088,,,,
776,5/26/22 21:51,72.829,2.088,,,,
777,5/26/22 21:56,72.829,2.088,,,,
778,5/26/22 22:01,72.829,2.088,,,,
779,5/26/22 22:06,72.829,2.088,,,,
780,5/26/22 22:11,72.829,2.088,,,,
781,5/26/22 22:16,72.829,2.088,,,,
782,5/26/22 22:21,72.817,2.088,,,,
783,5/26/22 22:26,72.829,2.088,,,,
784,5/26/22 22:31,72.817,2.088,,,,
785,5/26/22 22:36,72.829,2.088,,,,
786,5/26/22 22:41,72.817,2.088,,,,
787,5/26/22 22:46,72.817,2.088,,,,
788,5/26/22 22:51,72.817,2.088,,,,
789,5/26/22 22:56,72.817,2.088,,,,
790,5/26/22 23:01,72.805,2.088,,,,
791,5/26/22 23:06,72.793,2.088,,,,
792,5/26/22 23:11,72.805,2.088,,,,
793,5/26/22 23:16,72.805,2.088,,,,
794,5/26/22 23:21,72.793,2.088,,,,
795,5/26/22 23:26,72.793,2.088,,,,
796,5/26/22 23:31,72.781,2.088,,,,
797,5/26/22 23:36,72.781,2.088,,,,
798,5/26/22 23:41,72.781,2.088,,,,
799,5/26/22 23:46,72.781,2.088,,,,
800,5/26/22 23:51,72.769,2.088,,,,
801,5/26/22 23:56,72.769,2.088,,,,
802,5/27/22 0:01,72.769,2.088,,,,
803,5/27/22 0:06,72.769,2.088,,,,
804,5/27/22 0:11,72.769,2.088,,,,
805,5/27/22 0:16,72.757,2.088,,,,
806,5/27/22 0:21,72.757,2.088,,,,
807,5/27/22 0:26,72.769,2.088,,,,
808,5/27/22 0:31,72.757,2.088,,,,
809,5/27/22 0:36,72.757,2.088,,,,
810,5/27/22 0:41,72.745,2.088,,,,
811,5/27/22 0:46,72.757,2.088,,,,
812,5/27/22 0:51,72.745,2.088,,,,
813,5/27/22 0:56,72.745,2.088,,,,
814,5/27/22 1:01,72.745,2.088,,,,
815,5/27/22 1:06,72.745,2.088,,,,
816,5/27/22 1:11,72.733,2.088,,,,
817,5/27/22 1:16,72.733,2.088,,,,
818,5/27/22 1:21,72.733,2.088,,,,
819,5/27/22 1:26,72.721,2.088,,,,
820,5/27/22 1:31,72.721,2.088,,,,
821,5/27/22 1:36,72.721,2.088,,,,
822,5/27/22 1:41,72.721,2.088,,,,
823,5/27/22 1:46,72.721,2.088,,,,
824,5/27/22 1:51,72.721,2.088,,,,
825,5/27/22 1:56,72.709,2.088,,,,
826,5/27/22 2:01,72.709,2.088,,,,
827,5/27/22 2:06,72.709,2.088,,,,
828,5/27/22 2:11,72.709,2.088,,,,
829,5/27/22 2:16,72.709,2.088,,,,
830,5/27/22 2:21,72.709,2.088,,,,
831,5/27/22 2:26,72.709,2.088,,,,
832,5/27/22 2:31,72.709,2.088,,,,
833,5/27/22 2:36,72.709,2.088,,,,
834,5/27/22 2:41,72.697,2.088,,,,
835,5/27/22 2:46,72.697,2.088,,,,
836,5/27/22 2:51,72.697,2.088,,,,
837,5/27/22 2:56,72.685,2.088,,,,
838,5/27/22 3:01,72.697,2.088,,,,
839,5/27/22 3:06,72.697,2.088,,,,
840,5/27/22 3:11,72.685,2.088,,,,
841,5/27/22 3:16,72.709,2.088,,,,
842,5/27/22 3:21,72.697,2.088,,,,
843,5/27/22 3:26,72.685,2.088,,,,
844,5/27/22 3:31,72.697,2.088,,,,
845,5/27/22 3:36,72.685,2.088,,,,
846,5/27/22 3:41,72.685,2.088,,,,
847,5/27/22 3:46,72.685,2.088,,,,
848,5/27/22 3:51,72.685,2.088,,,,
849,5/27/22 3:56,72.697,2.088,,,,
850,5/27/22 4:01,72.685,2.088,,,,
851,5/27/22 4:06,72.697,2.088,,,,
852,5/27/22 4:11,72.685,2.088,,,,
853,5/27/22 4:16,72.697,2.088,,,,
854,5/27/22 4:21,72.697,2.088,,,,
855,5/27/22 4:26,72.697,2.088,,,,
856,5/27/22 4:31,72.697,2.088,,,,
857,5/27/22 4:36,72.697,2.088,,,,
858,5/27/22 4:41,72.697,2.088,,,,
859,5/27/22 4:46,72.697,2.088,,,,
860,5/27/22 4:51,72.685,2.088,,,,
861,5/27/22 4:56,72.685,2.088,,,,
862,5/27/22 5:01,72.685,2.088,,,,
863,5/27/22 5:06,72.685,2.088,,,,
864,5/27/22 5:11,72.685,2.088,,,,
865,5/27/22 5:16,72.697,2.088,,,,
866,5/27/22 5:21,72.697,2.088,,,,
867,5/27/22 5:26,72.697,2.088,,,,
868,5/27/22 5:31,72.697,2.088,,,,
869,5/27/22 5:36,72.697,2.088,,,,
870,5/27/22 5:41,72.709,2.088,,,,
871,5/27/22 5:46,72.709,2.088,,,,
872,5/27/22 5:51,72.709,2.088,,,,
873,5/27/22 5:56,72.709,2.088,,,,
874,5/27/22 6:01,72.709,2.088,,,,
875,5/27/22 6:06,72.697,2.088,,,,
876,5/27/22 6:11,72.696,2.195,,,,
877,5/27/22 6:16,72.696,2.195,,,,
878,5/27/22 6:21,72.697,2.088,,,,
879,5/27/22 6:26,72.696,2.195,,,,
880,5/27/22 6:31,72.696,2.195,,,,
881,5/27/22 6:36,72.696,2.195,,,,
882,5/27/22 6:41,72.696,2.195,,,,
883,5/27/22 6:46,72.696,2.195,,,,
884,5/27/22 6:51,72.696,2.195,,,,
885,5/27/22 6:56,72.696,2.195,,,,
886,5/27/22 7:01,72.696,2.195,,,,
887,5/27/22 7:06,72.696,2.195,,,,
888,5/27/22 7:11,72.684,2.195,,,,
889,5/27/22 7:16,72.684,2.195,,,,
890,5/27/22 7:21,72.684,2.195,,,,
891,5/27/22 7:26,72.672,2.195,,,,
892,5/27/22 7:31,72.684,2.195,,,,
893,5/27/22 7:36,72.672,2.195,,,,
894,5/27/22 7:41,72.672,2.195,,,,
895,5/27/22 7:46,72.672,2.195,,,,
896,5/27/22 7:51,72.672,2.195,,,,
897,5/27/22 7:56,72.66,2.195,,,,
898,5/27/22 8:01,72.672,2.195,,,,
899,5/27/22 8:06,72.672,2.195,,,,
900,5/27/22 8:11,72.672,2.195,,,,
901,5/27/22 8:16,72.684,2.195,,,,
902,5/27/22 8:21,72.684,2.195,,,,
903,5/27/22 8:26,72.672,2.195,,,,
904,5/27/22 8:31,72.684,2.195,,,,
905,5/27/22 8:36,72.684,2.195,,,,
906,5/27/22 8:41,72.66,2.195,,,,
907,5/27/22 8:46,72.672,2.195,,,,
908,5/27/22 8:51,72.672,2.195,,,,
909,5/27/22 8:56,72.66,2.195,,,,
910,5/27/22 9:01,72.66,2.195,,,,
911,5/27/22 9:06,72.66,2.195,,,,
912,5/27/22 9:11,72.66,2.195,,,,
913,5/27/22 9:16,72.66,2.195,,,,
914,5/27/22 9:21,72.648,2.195,,,,
915,5/27/22 9:26,72.648,2.195,,,,
916,5/27/22 9:31,72.648,2.195,,,,
917,5/27/22 9:36,72.648,2.195,,,,
918,5/27/22 9:41,72.648,2.195,,,,
919,5/27/22 9:46,72.648,2.195,,,,
920,5/27/22 9:51,72.636,2.195,,,,
921,5/27/22 9:56,72.624,2.195,,,,
922,5/27/22 10:01,72.636,2.195,,,,
923,5/27/22 10:06,72.624,2.195,,,,
924,5/27/22 10:11,72.612,2.195,,,,
925,5/27/22 10:16,72.612,2.195,,,,
926,5/27/22 10:21,72.587,2.195,,,,
927,5/27/22 10:26,72.6,2.195,,,,
928,5/27/22 10:31,72.587,2.195,,,,
929,5/27/22 10:36,72.587,2.195,,,,
930,5/27/22 10:41,72.575,2.195,,,,
931,5/27/22 10:46,72.575,2.195,,,,
932,5/27/22 10:51,72.575,2.195,,,,
933,5/27/22 10:56,72.587,2.195,,,,
934,5/27/22 11:01,72.575,2.195,,,,
935,5/27/22 11:06,72.575,2.195,,,,
936,5/27/22 11:11,72.587,2.195,,,,
937,5/27/22 11:16,72.6,2.195,,,,
938,5/27/22 11:21,72.575,2.195,,,,
939,5/27/22 11:26,72.563,2.195,,,,
940,5/27/22 11:31,72.563,2.195,,,,
941,5/27/22 11:36,72.587,2.195,,,,
942,5/27/22 11:41,72.563,2.195,,,,
943,5/27/22 11:46,72.575,2.195,,,,
944,5/27/22 11:51,72.575,2.195,,,,
945,5/27/22 11:56,72.551,2.195,,,,
946,5/27/22 12:01,72.563,2.195,,,,
947,5/27/22 12:06,72.563,2.195,,,,
948,5/27/22 12:11,72.563,2.195,,,,
949,5/27/22 12:16,72.563,2.195,,,,
950,5/27/22 12:21,72.563,2.195,,,,
951,5/27/22 12:26,72.539,2.195,,,,
952,5/27/22 12:31,72.539,2.195,,,,
953,5/27/22 12:36,72.539,2.195,,,,
954,5/27/22 12:41,72.539,2.195,,,,
955,5/27/22 12:46,72.539,2.195,,,,
956,5/27/22 12:51,72.539,2.195,,,,
957,5/27/22 12:56,72.551,2.195,,,,
958,5/27/22 13:01,72.539,2.195,,,,
959,5/27/22 13:06,72.539,2.195,,,,
960,5/27/22 13:11,72.538,2.303,,,,
961,5/27/22 13:16,72.514,2.303,,,,
962,5/27/22 13:21,72.502,2.303,,,,
963,5/27/22 13:26,72.502,2.303,,,,
964,5/27/22 13:31,72.514,2.303,,,,
965,5/27/22 13:36,72.502,2.303,,,,
966,5/27/22 13:41,72.502,2.303,,,,
967,5/27/22 13:46,72.502,2.303,,,,
968,5/27/22 13:51,72.502,2.303,,,,
969,5/27/22 13:56,72.502,2.303,,,,
970,5/27/22 14:01,72.49,2.303,,,,
971,5/27/22 14:06,72.49,2.303,,,,
972,5/27/22 14:11,72.49,2.303,,,,
973,5/27/22 14:16,72.49,2.303,,,,
974,5/27/22 14:21,72.49,2.303,,,,
975,5/27/22 14:26,72.466,2.303,,,,
976,5/27/22 14:31,72.466,2.303,,,,
977,5/27/22 14:36,72.466,2.303,,,,
978,5/27/22 14:41,72.466,2.303,,,,
979,5/27/22 14:46,72.454,2.303,,,,
980,5/27/22 14:51,72.442,2.303,,,,
981,5/27/22 14:56,72.442,2.303,,,,
982,5/27/22 15:01,72.442,2.303,,,,
983,5/27/22 15:06,72.442,2.303,,,,
984,5/27/22 15:11,72.478,2.303,,,,
985,5/27/22 15:16,72.466,2.303,,,,
986,5/27/22 15:21,72.454,2.303,,,,
987,5/27/22 15:26,72.442,2.303,,,,
988,5/27/22 15:31,72.454,2.303,,,,
989,5/27/22 15:36,72.418,2.303,,,,
990,5/27/22 15:41,72.43,2.303,,,,
991,5/27/22 15:46,72.43,2.303,,,,
992,5/27/22 15:51,72.418,2.303,,,,
993,5/27/22 15:56,72.418,2.303,,,,
994,5/27/22 16:01,72.43,2.303,,,,
995,5/27/22 16:06,72.418,2.303,,,,
996,5/27/22 16:11,72.454,2.303,,,,
997,5/27/22 16:16,72.538,2.303,,,,
998,5/27/22 16:21,72.538,2.303,,,,
999,5/27/22 16:26,72.538,2.303,,,,
1000,5/27/22 16:31,72.514,2.303,,,,
1001,5/27/22 16:36,72.502,2.303,,,,
1002,5/27/22 16:41,72.49,2.303,,,,
1003,5/27/22 16:46,72.466,2.303,,,,
1004,5/27/22 16:51,72.442,2.303,,,,
1005,5/27/22 16:56,72.418,2.303,,,,
1006,5/27/22 17:01,72.43,2.303,,,,
1007,5/27/22 17:06,72.418,2.303,,,,
1008,5/27/22 17:11,72.394,2.303,,,,
1009,5/27/22 17:16,72.406,2.303,,,,
1010,5/27/22 17:21,72.406,2.303,,,,
1011,5/27/22 17:26,72.406,2.303,,,,
1012,5/27/22 17:31,72.406,2.303,,,,
1013,5/27/22 17:36,72.406,2.303,,,,
1014,5/27/22 17:41,72.406,2.303,,,,
1015,5/27/22 17:46,72.406,2.303,,,,
1016,5/27/22 17:51,72.382,2.303,,,,
1017,5/27/22 17:56,72.382,2.303,,,,
1018,5/27/22 18:01,72.37,2.303,,,,
1019,5/27/22 18:06,72.358,2.303,,,,
1020,5/27/22 18:11,72.358,2.303,,,,
1021,5/27/22 18:16,72.358,2.303,,,,
1022,5/27/22 18:21,72.37,2.303,,,,
1023,5/27/22 18:26,72.37,2.303,,,,
1024,5/27/22 18:31,72.382,2.303,,,,
1025,5/27/22 18:36,72.382,2.303,,,,
1026,5/27/22 18:41,72.394,2.303,,,,
1027,5/27/22 18:46,72.394,2.303,,,,
1028,5/27/22 18:51,72.406,2.303,,,,
1029,5/27/22 18:56,72.394,2.303,,,,
1030,5/27/22 19:01,72.394,2.303,,,,
1031,5/27/22 19:06,72.394,2.303,,,,
1032,5/27/22 19:11,72.394,2.303,,,,
1033,5/27/22 19:16,72.394,2.303,,,,
1034,5/27/22 19:21,72.382,2.303,,,,
1035,5/27/22 19:26,72.382,2.303,,,,
1036,5/27/22 19:31,72.382,2.303,,,,
1037,5/27/22 19:36,72.37,2.303,,,,
1038,5/27/22 19:41,72.382,2.303,,,,
1039,5/27/22 19:46,72.37,2.303,,,,
1040,5/27/22 19:51,72.37,2.303,,,,
1041,5/27/22 19:56,72.37,2.303,,,,
1042,5/27/22 20:01,72.37,2.303,,,,
1043,5/27/22 20:06,72.37,2.303,,,,
1044,5/27/22 20:11,72.382,2.303,,,,
1045,5/27/22 20:16,72.37,2.303,,,,
1046,5/27/22 20:21,72.394,2.303,,,,
1047,5/27/22 20:26,72.382,2.303,,,,
1048,5/27/22 20:31,72.394,2.303,,,,
1049,5/27/22 20:36,72.394,2.303,,,,
1050,5/27/22 20:41,72.406,2.303,,,,
1051,5/27/22 20:46,72.406,2.303,,,,
1052,5/27/22 20:51,72.406,2.303,,,,
1053,5/27/22 20:56,72.418,2.303,,,,
1054,5/27/22 21:01,72.43,2.303,,,,
1055,5/27/22 21:06,72.43,2.303,,,,
1056,5/27/22 21:11,72.43,2.303,,,,
1057,5/27/22 21:16,72.43,2.303,,,,
1058,5/27/22 21:21,72.43,2.303,,,,
1059,5/27/22 21:26,72.441,2.41,,,,
1060,5/27/22 21:31,72.441,2.41,,,,
1061,5/27/22 21:36,72.441,2.41,,,,
1062,5/27/22 21:41,72.442,2.303,,,,
1063,5/27/22 21:46,72.429,2.41,,,,
1064,5/27/22 21:51,72.441,2.41,,,,
1065,5/27/22 21:56,72.441,2.41,,,,
1066,5/27/22 22:01,72.441,2.41,,,,
1067,5/27/22 22:06,72.429,2.41,,,,
1068,5/27/22 22:11,72.441,2.41,,,,
1069,5/27/22 22:16,72.441,2.41,,,,
1070,5/27/22 22:21,72.429,2.41,,,,
1071,5/27/22 22:26,72.429,2.41,,,,
1072,5/27/22 22:31,72.429,2.41,,,,
1073,5/27/22 22:36,72.417,2.41,,,,
1074,5/27/22 22:41,72.405,2.41,,,,
1075,5/27/22 22:46,72.417,2.41,,,,
1076,5/27/22 22:51,72.393,2.41,,,,
1077,5/27/22 22:56,72.381,2.41,,,,
1078,5/27/22 23:01,72.393,2.41,,,,
1079,5/27/22 23:06,72.393,2.41,,,,
1080,5/27/22 23:11,72.381,2.41,,,,
1081,5/27/22 23:16,72.393,2.41,,,,
1082,5/27/22 23:21,72.381,2.41,,,,
1083,5/27/22 23:26,72.381,2.41,,,,
1084,5/27/22 23:31,72.369,2.41,,,,
1085,5/27/22 23:36,72.381,2.41,,,,
1086,5/27/22 23:41,72.369,2.41,,,,
1087,5/27/22 23:46,72.357,2.41,,,,
1088,5/27/22 23:51,72.381,2.41,,,,
1089,5/27/22 23:56,72.369,2.41,,,,
1090,5/28/22 0:01,72.357,2.41,,,,
1091,5/28/22 0:06,72.357,2.41,,,,
1092,5/28/22 0:11,72.357,2.41,,,,
1093,5/28/22 0:16,72.333,2.41,,,,
1094,5/28/22 0:21,72.333,2.41,,,,
1095,5/28/22 0:26,72.333,2.41,,,,
1096,5/28/22 0:31,72.333,2.41,,,,
1097,5/28/22 0:36,72.321,2.41,,,,
1098,5/28/22 0:41,72.309,2.41,,,,
1099,5/28/22 0:46,72.309,2.41,,,,
1100,5/28/22 0:51,72.297,2.41,,,,
1101,5/28/22 0:56,72.309,2.41,,,,
1102,5/28/22 1:01,72.297,2.41,,,,
1103,5/28/22 1:06,72.285,2.41,,,,
1104,5/28/22 1:11,72.285,2.41,,,,
1105,5/28/22 1:16,72.285,2.41,,,,
1106,5/28/22 1:21,72.273,2.41,,,,
1107,5/28/22 1:26,72.26,2.41,,,,
1108,5/28/22 1:31,72.26,2.41,,,,
1109,5/28/22 1:36,72.26,2.41,,,,
1110,5/28/22 1:41,72.273,2.41,,,,
1111,5/28/22 1:46,72.248,2.41,,,,
1112,5/28/22 1:51,72.248,2.41,,,,
1113,5/28/22 1:56,72.248,2.41,,,,
1114,5/28/22 2:01,72.236,2.41,,,,
1115,5/28/22 2:06,72.224,2.41,,,,
1116,5/28/22 2:11,72.224,2.41,,,,
1117,5/28/22 2:16,72.224,2.41,,,,
1118,5/28/22 2:21,72.224,2.41,,,,
1119,5/28/22 2:26,72.212,2.41,,,,
1120,5/28/22 2:31,72.212,2.41,,,,
1121,5/28/22 2:36,72.212,2.41,,,,
1122,5/28/22 2:41,72.2,2.41,,,,
1123,5/28/22 2:46,72.2,2.41,,,,
1124,5/28/22 2:51,72.188,2.41,,,,
1125,5/28/22 2:56,72.188,2.41,,,,
1126,5/28/22 3:01,72.188,2.41,,,,
1127,5/28/22 3:06,72.188,2.41,,,,
1128,5/28/22 3:11,72.164,2.41,,,,
1129,5/28/22 3:16,72.164,2.41,,,,
1130,5/28/22 3:21,72.152,2.41,,,,
1131,5/28/22 3:26,72.14,2.41,,,,
1132,5/28/22 3:31,72.14,2.41,,,,
1133,5/28/22 3:36,72.14,2.41,,,,
1134,5/28/22 3:41,72.128,2.41,,,,
1135,5/28/22 3:46,72.128,2.41,,,,
1136,5/28/22 3:51,72.128,2.41,,,,
1137,5/28/22 3:56,72.116,2.41,,,,
1138,5/28/22 4:01,72.116,2.41,,,,
1139,5/28/22 4:06,72.116,2.41,,,,
1140,5/28/22 4:11,72.104,2.41,,,,
1141,5/28/22 4:16,72.104,2.41,,,,
1142,5/28/22 4:21,72.104,2.41,,,,
1143,5/28/22 4:26,72.092,2.41,,,,
1144,5/28/22 4:31,72.092,2.41,,,,
1145,5/28/22 4:36,72.08,2.41,,,,
1146,5/28/22 4:41,72.092,2.41,,,,
1147,5/28/22 4:46,72.08,2.41,,,,
1148,5/28/22 4:51,72.08,2.41,,,,
1149,5/28/22 4:56,72.068,2.41,,,,
1150,5/28/22 5:01,72.068,2.41,,,,
1151,5/28/22 5:06,72.08,2.41,,,,
1152,5/28/22 5:11,72.068,2.41,,,,
1153,5/28/22 5:16,72.056,2.41,,,,
1154,5/28/22 5:21,72.068,2.41,,,,
1155,5/28/22 5:26,72.056,2.41,,,,
1156,5/28/22 5:31,72.068,2.41,,,,
1157,5/28/22 5:36,72.055,2.517,,,,
1158,5/28/22 5:41,72.043,2.517,,,,
1159,5/28/22 5:46,72.055,2.517,,,,
1160,5/28/22 5:51,72.055,2.517,,,,
1161,5/28/22 5:56,72.055,2.517,,,,
1162,5/28/22 6:01,72.067,2.517,,,,
1163,5/28/22 6:06,72.067,2.517,,,,
1164,5/28/22 6:11,72.067,2.517,,,,
1165,5/28/22 6:16,72.067,2.517,,,,
1166,5/28/22 6:21,72.055,2.517,,,,
1167,5/28/22 6:26,72.055,2.517,,,,
1168,5/28/22 6:31,72.055,2.517,,,,
1169,5/28/22 6:36,72.055,2.517,,,,
1170,5/28/22 6:41,72.055,2.517,,,,
1171,5/28/22 6:46,72.055,2.517,,,,
1172,5/28/22 6:51,72.055,2.517,,,,
1173,5/28/22 6:56,72.067,2.517,,,,
1174,5/28/22 7:01,72.055,2.517,,,,
1175,5/28/22 7:06,72.055,2.517,,,,
1176,5/28/22 7:11,72.055,2.517,,,,
1177,5/28/22 7:16,72.055,2.517,,,,
1178,5/28/22 7:21,72.055,2.517,,,,
1179,5/28/22 7:26,72.043,2.517,,,,
1180,5/28/22 7:31,72.043,2.517,,,,
1181,5/28/22 7:36,72.043,2.517,,,,
1182,5/28/22 7:41,72.031,2.517,,,,
1183,5/28/22 7:46,72.031,2.517,,,,
1184,5/28/22 7:51,72.019,2.517,,,,
1185,5/28/22 7:56,72.031,2.517,,,,
1186,5/28/22 8:01,72.031,2.517,,,,
1187,5/28/22 8:06,72.019,2.517,,,,
1188,5/28/22 8:11,72.019,2.517,,,,
1189,5/28/22 8:16,72.019,2.517,,,,
1190,5/28/22 8:21,72.019,2.517,,,,
1191,5/28/22 8:26,72.019,2.517,,,,
1192,5/28/22 8:31,72.007,2.517,,,,
1193,5/28/22 8:36,71.995,2.517,,,,
1194,5/28/22 8:41,72.007,2.517,,,,
1195,5/28/22 8:46,71.995,2.517,,,,
1196,5/28/22 8:51,71.983,2.517,,,,
1197,5/28/22 8:56,71.971,2.517,,,,
1198,5/28/22 9:01,71.971,2.517,,,,
1199,5/28/22 9:06,71.958,2.517,,,,
1200,5/28/22 9:11,71.958,2.517,,,,
1201,5/28/22 9:16,71.946,2.517,,,,
1202,5/28/22 9:21,71.934,2.517,,,,
1203,5/28/22 9:26,71.946,2.517,,,,
1204,5/28/22 9:31,71.934,2.517,,,,
1205,5/28/22 9:36,71.934,2.517,,,,
1206,5/28/22 9:41,71.934,2.517,,,,
1207,5/28/22 9:46,71.934,2.517,,,,
1208,5/28/22 9:51,71.934,2.517,,,,
1209,5/28/22 9:56,71.934,2.517,,,,
1210,5/28/22 10:01,71.922,2.517,,,,
1211,5/28/22 10:06,71.922,2.517,,,,
1212,5/28/22 10:11,71.934,2.517,,,,
1213,5/28/22 10:16,71.91,2.517,,,,
1214,5/28/22 10:21,71.922,2.517,,,,
1215,5/28/22 10:26,71.91,2.517,,,,
1216,5/28/22 10:31,71.91,2.517,,,,
1217,5/28/22 10:36,71.91,2.517,,,,
1218,5/28/22 10:41,71.91,2.517,,,,
1219,5/28/22 10:46,71.91,2.517,,,,
1220,5/28/22 10:51,71.886,2.517,,,,
1221,5/28/22 10:56,71.886,2.517,,,,
1222,5/28/22 11:01,71.886,2.517,,,,
1223,5/28/22 11:06,71.874,2.517,,,,
1224,5/28/22 11:11,71.874,2.517,,,,
1225,5/28/22 11:16,71.874,2.517,,,,
1226,5/28/22 11:21,71.85,2.517,,,,
1227,5/28/22 11:26,71.862,2.517,,,,
1228,5/28/22 11:31,71.85,2.517,,,,
1229,5/28/22 11:36,71.85,2.517,,,,
1230,5/28/22 11:41,71.838,2.517,,,,
1231,5/28/22 11:46,71.85,2.517,,,,
1232,5/28/22 11:51,71.826,2.517,,,,
1233,5/28/22 11:56,71.826,2.517,,,,
1234,5/28/22 12:01,71.826,2.517,,,,
1235,5/28/22 12:06,71.826,2.517,,,,
1236,5/28/22 12:11,71.826,2.517,,,,
1237,5/28/22 12:16,71.826,2.517,,,,
1238,5/28/22 12:21,71.813,2.624,,,,
1239,5/28/22 12:26,71.802,2.517,,,,
1240,5/28/22 12:31,71.789,2.624,,,,
1241,5/28/22 12:36,71.825,2.624,,,,
1242,5/28/22 12:41,71.813,2.624,,,,
1243,5/28/22 12:46,71.789,2.624,,,,
1244,5/28/22 12:51,71.777,2.624,,,,
1245,5/28/22 12:56,71.777,2.624,,,,
1246,5/28/22 13:01,71.765,2.624,,,,
1247,5/28/22 13:06,71.765,2.624,,,,
1248,5/28/22 13:11,71.765,2.624,,,,
1249,5/28/22 13:16,71.753,2.624,,,,
1250,5/28/22 13:21,71.753,2.624,,,,
1251,5/28/22 13:26,71.741,2.624,,,,
1252,5/28/22 13:31,71.729,2.624,,,,
1253,5/28/22 13:36,71.729,2.624,,,,
1254,5/28/22 13:41,71.741,2.624,,,,
1255,5/28/22 13:46,71.717,2.624,,,,
1256,5/28/22 13:51,71.717,2.624,,,,
1257,5/28/22 13:56,71.693,2.624,,,,
1258,5/28/22 14:01,71.705,2.624,,,,
1259,5/28/22 14:06,71.693,2.624,,,,
1260,5/28/22 14:11,71.693,2.624,,,,
1261,5/28/22 14:16,71.693,2.624,,,,
1262,5/28/22 14:21,71.681,2.624,,,,
1263,5/28/22 14:26,71.693,2.624,,,,
1264,5/28/22 14:31,71.693,2.624,,,,
1265,5/28/22 14:36,71.693,2.624,,,,
1266,5/28/22 14:41,71.681,2.624,,,,
1267,5/28/22 14:46,71.681,2.624,,,,
1268,5/28/22 14:51,71.681,2.624,,,,
1269,5/28/22 14:56,71.681,2.624,,,,
1270,5/28/22 15:01,71.681,2.624,,,,
1271,5/28/22 15:06,71.681,2.624,,,,
1272,5/28/22 15:11,71.717,2.624,,,,
1273,5/28/22 15:16,71.693,2.624,,,,
1274,5/28/22 15:21,71.681,2.624,,,,
1275,5/28/22 15:26,71.657,2.624,,,,
1276,5/28/22 15:31,71.681,2.624,,,,
1277,5/28/22 15:36,71.681,2.624,,,,
1278,5/28/22 15:41,71.693,2.624,,,,
1279,5/28/22 15:46,71.681,2.624,,,,
1280,5/28/22 15:51,71.693,2.624,,,,
1281,5/28/22 15:56,71.705,2.624,,,,
1282,5/28/22 16:01,71.693,2.624,,,,
1283,5/28/22 16:06,71.693,2.624,,,,
1284,5/28/22 16:11,71.705,2.624,,,,
1285,5/28/22 16:16,71.717,2.624,,,,
1286,5/28/22 16:21,71.729,2.624,,,,
1287,5/28/22 16:26,71.705,2.624,,,,
1288,5/28/22 16:31,71.705,2.624,,,,
1289,5/28/22 16:36,71.705,2.624,,,,
1290,5/28/22 16:41,71.681,2.624,,,,
1291,5/28/22 16:46,71.693,2.624,,,,
1292,5/28/22 16:51,71.705,2.624,,,,
1293,5/28/22 16:56,71.693,2.624,,,,
1294,5/28/22 17:01,71.693,2.624,,,,
1295,5/28/22 17:06,71.669,2.624,,,,
1296,5/28/22 17:11,71.693,2.624,,,,
1297,5/28/22 17:16,71.693,2.624,,,,
1298,5/28/22 17:21,71.693,2.624,,,,
1299,5/28/22 17:26,71.693,2.624,,,,
1300,5/28/22 17:31,71.693,2.624,,,,
1301,5/28/22 17:36,71.693,2.624,,,,
1302,5/28/22 17:41,71.681,2.624,,,,
1303,5/28/22 17:46,71.717,2.624,,,,
1304,5/28/22 17:51,71.705,2.624,,,,
1305,5/28/22 17:56,71.717,2.624,,,,
1306,5/28/22 18:01,71.705,2.624,,,,
1307,5/28/22 18:06,71.693,2.624,,,,
1308,5/28/22 18:11,71.705,2.624,,,,
1309,5/28/22 18:16,71.693,2.624,,,,
1310,5/28/22 18:21,71.681,2.624,,,,
1311,5/28/22 18:26,71.681,2.624,,,,
1312,5/28/22 18:31,71.681,2.624,,,,
1313,5/28/22 18:36,71.681,2.624,,,,
1314,5/28/22 18:41,71.669,2.624,,,,
1315,5/28/22 18:46,71.669,2.624,,,,
1316,5/28/22 18:51,71.657,2.624,,,,
1317,5/28/22 18:56,71.669,2.624,,,,
1318,5/28/22 19:01,71.669,2.624,,,,
1319,5/28/22 19:06,71.669,2.624,,,,
1320,5/28/22 19:11,71.657,2.624,,,,
1321,5/28/22 19:16,71.657,2.624,,,,
1322,5/28/22 19:21,71.669,2.624,,,,
1323,5/28/22 19:26,71.669,2.624,,,,
1324,5/28/22 19:31,71.669,2.624,,,,
1325,5/28/22 19:36,71.657,2.624,,,,
1326,5/28/22 19:41,71.657,2.624,,,,
1327,5/28/22 19:46,71.644,2.624,,,,
1328,5/28/22 19:51,71.657,2.624,,,,
1329,5/28/22 19:56,71.644,2.624,,,,
1330,5/28/22 20:01,71.632,2.624,,,,
1331,5/28/22 20:06,71.632,2.624,,,,
1332,5/28/22 20:11,71.632,2.624,,,,
1333,5/28/22 20:16,71.62,2.624,,,,
1334,5/28/22 20:21,71.608,2.624,,,,
1335,5/28/22 20:26,71.608,2.624,,,,
1336,5/28/22 20:31,71.608,2.624,,,,
1337,5/28/22 20:36,71.608,2.624,,,,
1338,5/28/22 20:41,71.596,2.624,,,,
1339,5/28/22 20:46,71.608,2.624,,,,
1340,5/28/22 20:51,71.608,2.624,,,,
1341,5/28/22 20:56,71.608,2.624,,,,
1342,5/28/22 21:01,71.608,2.624,,,,
1343,5/28/22 21:06,71.632,2.624,,,,
1344,5/28/22 21:11,71.644,2.624,,,,
1345,5/28/22 21:16,71.669,2.624,,,,
1346,5/28/22 21:21,71.657,2.624,,,,
1347,5/28/22 21:26,71.681,2.624,,,,
1348,5/28/22 21:31,71.669,2.624,,,,
1349,5/28/22 21:36,71.669,2.624,,,,
1350,5/28/22 21:41,71.669,2.624,,,,
1351,5/28/22 21:46,71.657,2.624,,,,
1352,5/28/22 21:51,71.657,2.624,,,,
1353,5/28/22 21:56,71.657,2.624,,,,
1354,5/28/22 22:01,71.657,2.624,,,,
1355,5/28/22 22:06,71.657,2.624,,,,
1356,5/28/22 22:11,71.632,2.624,,,,
1357,5/28/22 22:16,71.644,2.624,,,,
1358,5/28/22 22:21,71.632,2.624,,,,
1359,5/28/22 22:26,71.62,2.73,,,,
1360,5/28/22 22:31,71.632,2.73,,,,
1361,5/28/22 22:36,71.62,2.73,,,,
1362,5/28/22 22:41,71.607,2.73,,,,
1363,5/28/22 22:46,71.62,2.73,,,,
1364,5/28/22 22:51,71.62,2.73,,,,
1365,5/28/22 22:56,71.62,2.73,,,,
1366,5/28/22 23:01,71.607,2.73,,,,
1367,5/28/22 23:06,71.583,2.73,,,,
1368,5/28/22 23:11,71.583,2.73,,,,
1369,5/28/22 23:16,71.583,2.73,,,,
1370,5/28/22 23:21,71.571,2.73,,,,
1371,5/28/22 23:26,71.559,2.73,,,,
1372,5/28/22 23:31,71.559,2.73,,,,
1373,5/28/22 23:36,71.559,2.73,,,,
1374,5/28/22 23:41,71.547,2.73,,,,
1375,5/28/22 23:46,71.547,2.73,,,,
1376,5/28/22 23:51,71.559,2.73,,,,
1377,5/28/22 23:56,71.559,2.73,,,,
1378,5/29/22 0:01,71.547,2.73,,,,
1379,5/29/22 0:06,71.535,2.73,,,,
1380,5/29/22 0:11,71.547,2.73,,,,
1381,5/29/22 0:16,71.547,2.73,,,,
1382,5/29/22 0:21,71.547,2.73,,,,
1383,5/29/22 0:26,71.547,2.73,,,,
1384,5/29/22 0:31,71.535,2.73,,,,
1385,5/29/22 0:36,71.523,2.73,,,,
1386,5/29/22 0:41,71.523,2.73,,,,
1387,5/29/22 0:46,71.523,2.73,,,,
1388,5/29/22 0:51,71.523,2.73,,,,
1389,5/29/22 0:56,71.523,2.73,,,,
1390,5/29/22 1:01,71.535,2.73,,,,
1391,5/29/22 1:06,71.523,2.73,,,,
1392,5/29/22 1:11,71.523,2.73,,,,
1393,5/29/22 1:16,71.523,2.73,,,,
1394,5/29/22 1:21,71.511,2.73,,,,
1395,5/29/22 1:26,71.523,2.73,,,,
1396,5/29/22 1:31,71.523,2.73,,,,
1397,5/29/22 1:36,71.511,2.73,,,,
1398,5/29/22 1:41,71.499,2.73,,,,
1399,5/29/22 1:46,71.511,2.73,,,,
1400,5/29/22 1:51,71.535,2.73,,,,
1401,5/29/22 1:56,71.535,2.73,,,,
1402,5/29/22 2:01,71.535,2.73,,,,
1403,5/29/22 2:06,71.523,2.73,,,,
1404,5/29/22 2:11,71.523,2.73,,,,
1405,5/29/22 2:16,71.523,2.73,,,,
1406,5/29/22 2:21,71.523,2.73,,,,
1407,5/29/22 2:26,71.535,2.73,,,,
1408,5/29/22 2:31,71.547,2.73,,,,
1409,5/29/22 2:36,71.535,2.73,,,,
1410,5/29/22 2:41,71.535,2.73,,,,
1411,5/29/22 2:46,71.535,2.73,,,,
1412,5/29/22 2:51,71.547,2.73,,,,
1413,5/29/22 2:56,71.535,2.73,,,,
1414,5/29/22 3:01,71.535,2.73,,,,
1415,5/29/22 3:06,71.547,2.73,,,,
1416,5/29/22 3:11,71.535,2.73,,,,
1417,5/29/22 3:16,71.535,2.73,,,,
1418,5/29/22 3:21,71.559,2.73,,,,
1419,5/29/22 3:26,71.571,2.73,,,,
1420,5/29/22 3:31,71.559,2.73,,,,
1421,5/29/22 3:36,71.559,2.73,,,,
1422,5/29/22 3:41,71.559,2.73,,,,
1423,5/29/22 3:46,71.547,2.73,,,,
1424,5/29/22 3:51,71.559,2.73,,,,
1425,5/29/22 3:56,71.559,2.73,,,,
1426,5/29/22 4:01,71.547,2.73,,,,
1427,5/29/22 4:06,71.547,2.73,,,,
1428,5/29/22 4:11,71.547,2.73,,,,
1429,5/29/22 4:16,71.559,2.73,,,,
1430,5/29/22 4:21,71.547,2.73,,,,
1431,5/29/22 4:26,71.559,2.73,,,,
1432,5/29/22 4:31,71.547,2.73,,,,
1433,5/29/22 4:36,71.547,2.73,,,,
1434,5/29/22 4:41,71.559,2.73,,,,
1435,5/29/22 4:46,71.547,2.73,,,,
1436,5/29/22 4:51,71.559,2.73,,,,
1437,5/29/22 4:56,71.559,2.73,,,,
1438,5/29/22 5:01,71.559,2.73,,,,
1439,5/29/22 5:06,71.547,2.73,,,,
1440,5/29/22 5:11,71.547,2.73,,,,
1441,5/29/22 5:16,71.547,2.73,,,,
1442,5/29/22 5:21,71.559,2.73,,,,
1443,5/29/22 5:26,71.547,2.73,,,,
1444,5/29/22 5:31,71.559,2.73,,,,
1445,5/29/22 5:36,71.547,2.73,,,,
1446,5/29/22 5:41,71.571,2.73,,,,
1447,5/29/22 5:46,71.571,2.73,,,,
1448,5/29/22 5:51,71.559,2.73,,,,
1449,5/29/22 5:56,71.547,2.73,,,,
1450,5/29/22 6:01,71.559,2.73,,,,
1451,5/29/22 6:06,71.559,2.73,,,,
1452,5/29/22 6:11,71.571,2.73,,,,
1453,5/29/22 6:16,71.571,2.73,,,,
1454,5/29/22 6:21,71.559,2.73,,,,
1455,5/29/22 6:26,71.547,2.73,,,,
1456,5/29/22 6:31,71.547,2.73,,,,
1457,5/29/22 6:36,71.547,2.73,,,,
1458,5/29/22 6:41,71.535,2.73,,,,
1459,5/29/22 6:46,71.535,2.73,,,,
1460,5/29/22 6:51,71.523,2.73,,,,
1461,5/29/22 6:56,71.511,2.73,,,,
1462,5/29/22 7:01,71.499,2.73,,,,
1463,5/29/22 7:06,71.475,2.73,,,,
1464,5/29/22 7:11,71.451,2.73,,,,
1465,5/29/22 7:16,71.427,2.73,,,,
1466,5/29/22 7:21,71.415,2.73,,,,
1467,5/29/22 7:26,71.403,2.73,,,,
1468,5/29/22 7:31,71.379,2.73,,,,
1469,5/29/22 7:36,71.367,2.73,,,,
1470,5/29/22 7:41,71.355,2.73,,,,
1471,5/29/22 7:46,71.331,2.73,,,,
1472,5/29/22 7:51,71.331,2.73,,,,
1473,5/29/22 7:56,71.318,2.73,,,,
1474,5/29/22 8:01,71.306,2.73,,,,
1475,5/29/22 8:06,71.306,2.73,,,,
1476,5/29/22 8:11,71.294,2.73,,,,
1477,5/29/22 8:16,71.318,2.73,,,,
1478,5/29/22 8:21,71.306,2.73,,,,
1479,5/29/22 8:26,71.294,2.73,,,,
1480,5/29/22 8:31,71.306,2.73,,,,
1481,5/29/22 8:36,71.306,2.73,,,,
1482,5/29/22 8:41,71.306,2.73,,,,
1483,5/29/22 8:46,71.294,2.73,,,,
1484,5/29/22 8:51,71.282,2.73,,,,
1485,5/29/22 8:56,71.282,2.837,,,,
1486,5/29/22 9:01,71.282,2.837,,,,
1487,5/29/22 9:06,71.282,2.837,,,,
1488,5/29/22 9:11,71.269,2.837,,,,
1489,5/29/22 9:16,71.245,2.837,,,,
1490,5/29/22 9:21,71.245,2.837,,,,
1491,5/29/22 9:26,71.233,2.837,,,,
1492,5/29/22 9:31,71.233,2.837,,,,
1493,5/29/22 9:36,71.233,2.837,,,,
1494,5/29/22 9:41,71.221,2.837,,,,
1495,5/29/22 9:46,71.209,2.837,,,,
1496,5/29/22 9:51,71.209,2.837,,,,
1497,5/29/22 9:56,71.197,2.837,,,,
1498,5/29/22 10:01,71.197,2.837,,,,
1499,5/29/22 10:06,71.185,2.837,,,,
1500,5/29/22 10:11,71.209,2.837,,,,
1501,5/29/22 10:16,71.197,2.837,,,,
1502,5/29/22 10:21,71.173,2.837,,,,
1503,5/29/22 10:26,71.161,2.837,,,,
1504,5/29/22 10:31,71.161,2.837,,,,
1505,5/29/22 10:36,71.149,2.837,,,,
1506,5/29/22 10:41,71.149,2.837,,,,
1507,5/29/22 10:46,71.149,2.837,,,,
1508,5/29/22 10:51,71.161,2.837,,,,
1509,5/29/22 10:56,71.185,2.837,,,,
1510,5/29/22 11:01,71.209,2.837,,,,
1511,5/29/22 11:06,71.209,2.837,,,,
1512,5/29/22 11:11,71.185,2.837,,,,
1513,5/29/22 11:16,71.173,2.837,,,,
1514,5/29/22 11:21,71.149,2.837,,,,
1515,5/29/22 11:26,71.125,2.837,,,,
1516,5/29/22 11:31,71.125,2.837,,,,
1517,5/29/22 11:36,71.125,2.837,,,,
1518,5/29/22 11:41,71.101,2.837,,,,
1519,5/29/22 11:46,71.089,2.837,,,,
1520,5/29/22 11:51,71.089,2.837,,,,
1521,5/29/22 11:56,71.065,2.837,,,,
1522,5/29/22 12:01,71.065,2.837,,,,
1523,5/29/22 12:06,71.065,2.837,,,,
1524,5/29/22 12:11,71.053,2.837,,,,
1525,5/29/22 12:16,71.053,2.837,,,,
1526,5/29/22 12:21,71.041,2.837,,,,
1527,5/29/22 12:26,71.029,2.837,,,,
1528,5/29/22 12:31,71.029,2.837,,,,
1529,5/29/22 12:36,71.017,2.837,,,,
1530,5/29/22 12:41,71.017,2.837,,,,
1531,5/29/22 12:46,71.005,2.837,,,,
1532,5/29/22 12:51,71.029,2.837,,,,
1533,5/29/22 12:56,71.065,2.837,,,,
1534,5/29/22 13:01,71.149,2.837,,,,
1535,5/29/22 13:06,71.173,2.837,,,,
1536,5/29/22 13:11,71.185,2.837,,,,
1537,5/29/22 13:16,71.209,2.837,,,,
1538,5/29/22 13:21,71.221,2.837,,,,
1539,5/29/22 13:26,71.233,2.837,,,,
1540,5/29/22 13:31,71.221,2.837,,,,
1541,5/29/22 13:36,71.233,2.837,,,,
1542,5/29/22 13:41,71.257,2.837,,,,
1543,5/29/22 13:46,71.269,2.837,,,,
1544,5/29/22 13:51,71.257,2.837,,,,
1545,5/29/22 13:56,71.245,2.837,,,,
1546,5/29/22 14:01,71.221,2.837,,,,
1547,5/29/22 14:06,71.221,2.837,,,,
1548,5/29/22 14:11,71.197,2.837,,,,
1549,5/29/22 14:16,71.197,2.837,,,,
1550,5/29/22 14:21,71.197,2.837,,,,
1551,5/29/22 14:26,71.221,2.837,,,,
1552,5/29/22 14:31,71.233,2.837,,,,
1553,5/29/22 14:36,71.245,2.837,,,,
1554,5/29/22 14:41,71.245,2.837,,,,
1555,5/29/22 14:46,71.245,2.837,,,,
1556,5/29/22 14:51,71.233,2.837,,,,
1557,5/29/22 14:56,71.221,2.837,,,,
1558,5/29/22 15:01,71.209,2.837,,,,
1559,5/29/22 15:06,71.221,2.837,,,,
1560,5/29/22 15:11,71.209,2.837,,,,
1561,5/29/22 15:16,71.209,2.837,,,,
1562,5/29/22 15:21,71.209,2.837,,,,
1563,5/29/22 15:26,71.197,2.837,,,,
1564,5/29/22 15:31,71.197,2.837,,,,
1565,5/29/22 15:36,71.185,2.837,,,,
1566,5/29/22 15:41,71.161,2.837,,,,
1567,5/29/22 15:46,71.161,2.837,,,,
1568,5/29/22 15:51,71.149,2.837,,,,
1569,5/29/22 15:56,71.161,2.837,,,,
1570,5/29/22 16:01,71.149,2.837,,,,
1571,5/29/22 16:06,71.137,2.837,,,,
1572,5/29/22 16:11,71.149,2.837,,,,
1573,5/29/22 16:16,71.137,2.837,,,,
1574,5/29/22 16:21,71.149,2.837,,,,
1575,5/29/22 16:26,71.149,2.837,,,,
1576,5/29/22 16:31,71.137,2.837,,,,
1577,5/29/22 16:36,71.149,2.837,,,,
1578,5/29/22 16:41,71.149,2.837,,,,
1579,5/29/22 16:46,71.149,2.837,,,,
1580,5/29/22 16:51,71.137,2.837,,,,
1581,5/29/22 16:56,71.173,2.837,,,,
1582,5/29/22 17:01,71.149,2.837,,,,
1583,5/29/22 17:06,71.173,2.837,,,,
1584,5/29/22 17:11,71.209,2.837,,,,
1585,5/29/22 17:16,71.257,2.837,,,,
1586,5/29/22 17:21,71.245,2.837,,,,
1587,5/29/22 17:26,71.233,2.837,,,,
1588,5/29/22 17:31,71.221,2.837,,,,
1589,5/29/22 17:36,71.209,2.837,,,,
1590,5/29/22 17:41,71.197,2.837,,,,
1591,5/29/22 17:46,71.221,2.837,,,,
1592,5/29/22 17:51,71.209,2.837,,,,
1593,5/29/22 17:56,71.233,2.837,,,,
1594,5/29/22 18:01,71.233,2.837,,,,
1595,5/29/22 18:06,71.233,2.837,,,,
1596,5/29/22 18:11,71.257,2.837,,,,
1597,5/29/22 18:16,71.233,2.837,,,,
1598,5/29/22 18:21,71.233,2.837,,,,
1599,5/29/22 18:26,71.209,2.837,,,,
1600,5/29/22 18:31,71.221,2.837,,,,
1601,5/29/22 18:36,71.245,2.837,,,,
1602,5/29/22 18:41,71.245,2.837,,,,
1603,5/29/22 18:46,71.233,2.837,,,,
1604,5/29/22 18:51,71.257,2.837,,,,
1605,5/29/22 18:56,71.257,2.837,,,,
1606,5/29/22 19:01,71.245,2.837,,,,
1607,5/29/22 19:06,71.257,2.837,,,,
1608,5/29/22 19:11,71.269,2.837,,,,
1609,5/29/22 19:16,71.269,2.837,,,,
1610,5/29/22 19:21,71.257,2.837,,,,
1611,5/29/22 19:26,71.257,2.837,,,,
1612,5/29/22 19:31,71.269,2.837,,,,
1613,5/29/22 19:36,71.269,2.837,,,,
1614,5/29/22 19:41,71.257,2.837,,,,
1615,5/29/22 19:46,71.245,2.837,,,,
1616,5/29/22 19:51,71.245,2.837,,,,
1617,5/29/22 19:56,71.257,2.837,,,,
1618,5/29/22 20:01,71.245,2.837,,,,
1619,5/29/22 20:06,71.245,2.837,,,,
1620,5/29/22 20:11,71.257,2.837,,,,
1621,5/29/22 20:16,71.257,2.837,,,,
1622,5/29/22 20:21,71.257,2.837,,,,
1623,5/29/22 20:26,71.257,2.837,,,,
1624,5/29/22 20:31,71.257,2.837,,,,
1625,5/29/22 20:36,71.257,2.837,,,,
1626,5/29/22 20:41,71.282,2.837,,,,
1627,5/29/22 20:46,71.294,2.837,,,,
1628,5/29/22 20:51,71.294,2.837,,,,
1629,5/29/22 20:56,71.282,2.837,,,,
1630,5/29/22 21:01,71.269,2.837,,,,
1631,5/29/22 21:06,71.282,2.837,,,,
1632,5/29/22 21:11,71.294,2.837,,,,
1633,5/29/22 21:16,71.318,2.837,,,,
1634,5/29/22 21:21,71.318,2.837,,,,
1635,5/29/22 21:26,71.33,2.837,,,,
1636,5/29/22 21:31,71.33,2.837,,,,
1637,5/29/22 21:36,71.342,2.837,,,,
1638,5/29/22 21:41,71.342,2.837,,,,
1639,5/29/22 21:46,71.342,2.837,,,,
1640,5/29/22 21:51,71.366,2.837,,,,
1641,5/29/22 21:56,71.366,2.837,,,,
1642,5/29/22 22:01,71.366,2.837,,,,
1643,5/29/22 22:06,71.39,2.837,,,,
1644,5/29/22 22:11,71.39,2.837,,,,
1645,5/29/22 22:16,71.402,2.837,,,,
1646,5/29/22 22:21,71.414,2.837,,,,
1647,5/29/22 22:26,71.414,2.837,,,,
1648,5/29/22 22:31,71.414,2.837,,,,
1649,5/29/22 22:36,71.39,2.837,,,,
1650,5/29/22 22:41,71.402,2.837,,,,
1651,5/29/22 22:46,71.414,2.837,,,,
1652,5/29/22 22:51,71.414,2.837,,,,
1653,5/29/22 22:56,71.39,2.837,,,,
1654,5/29/22 23:01,71.378,2.837,,,,
1655,5/29/22 23:06,71.39,2.837,,,,
1656,5/29/22 23:11,71.39,2.837,,,,
1657,5/29/22 23:16,71.366,2.837,,,,
1658,5/29/22 23:21,71.366,2.837,,,,
1659,5/29/22 23:26,71.378,2.837,,,,
1660,5/29/22 23:31,71.378,2.837,,,,
1661,5/29/22 23:36,71.366,2.837,,,,
1662,5/29/22 23:41,71.378,2.837,,,,
1663,5/29/22 23:46,71.366,2.837,,,,
1664,5/29/22 23:51,71.354,2.837,,,,
1665,5/29/22 23:56,71.342,2.837,,,,
1666,5/30/22 0:01,71.342,2.837,,,,
1667,5/30/22 0:06,71.354,2.837,,,,
1668,5/30/22 0:11,71.354,2.837,,,,
1669,5/30/22 0:16,71.33,2.837,,,,
1670,5/30/22 0:21,71.318,2.837,,,,
1671,5/30/22 0:26,71.294,2.837,,,,
1672,5/30/22 0:31,71.269,2.837,,,,
1673,5/30/22 0:36,71.269,2.837,,,,
1674,5/30/22 0:41,71.269,2.837,,,,
1675,5/30/22 0:46,71.257,2.837,,,,
1676,5/30/22 0:51,71.233,2.837,,,,
1677,5/30/22 0:56,71.269,2.837,,,,
1678,5/30/22 1:01,71.269,2.837,,,,
1679,5/30/22 1:06,71.257,2.837,,,,
1680,5/30/22 1:11,71.269,2.837,,,,
1681,5/30/22 1:16,71.257,2.943,,,,
1682,5/30/22 1:21,71.257,2.837,,,,
1683,5/30/22 1:26,71.257,2.943,,,,
1684,5/30/22 1:31,71.233,2.943,,,,
1685,5/30/22 1:36,71.221,2.837,,,,
1686,5/30/22 1:41,71.22,2.943,,,,
1687,5/30/22 1:46,71.221,2.837,,,,
1688,5/30/22 1:51,71.22,2.943,,,,
1689,5/30/22 1:56,71.22,2.943,,,,
1690,5/30/22 2:01,71.22,2.943,,,,
1691,5/30/22 2:06,71.208,2.943,,,,
1692,5/30/22 2:11,71.22,2.943,,,,
1693,5/30/22 2:16,71.22,2.943,,,,
1694,5/30/22 2:21,71.22,2.943,,,,
1695,5/30/22 2:26,71.22,2.943,,,,
1696,5/30/22 2:31,71.233,2.943,,,,
1697,5/30/22 2:36,71.245,2.943,,,,
1698,5/30/22 2:41,71.245,2.943,,,,
1699,5/30/22 2:46,71.233,2.943,,,,
1700,5/30/22 2:51,71.233,2.943,,,,
1701,5/30/22 2:56,71.22,2.943,,,,
1702,5/30/22 3:01,71.208,2.943,,,,
1703,5/30/22 3:06,71.208,2.943,,,,
1704,5/30/22 3:11,71.208,2.943,,,,
1705,5/30/22 3:16,71.22,2.943,,,,
1706,5/30/22 3:21,71.22,2.943,,,,
1707,5/30/22 3:26,71.22,2.943,,,,
1708,5/30/22 3:31,71.233,2.943,,,,
1709,5/30/22 3:36,71.22,2.943,,,,
1710,5/30/22 3:41,71.22,2.943,,,,
1711,5/30/22 3:46,71.233,2.943,,,,
1712,5/30/22 3:51,71.22,2.943,,,,
1713,5/30/22 3:56,71.245,2.943,,,,
1714,5/30/22 4:01,71.245,2.943,,,,
1715,5/30/22 4:06,71.245,2.943,,,,
1716,5/30/22 4:11,71.245,2.943,,,,
1717,5/30/22 4:16,71.233,2.943,,,,
1718,5/30/22 4:21,71.22,2.943,,,,
1719,5/30/22 4:26,71.233,2.943,,,,
1720,5/30/22 4:31,71.233,2.943,,,,
1721,5/30/22 4:36,71.233,2.943,,,,
1722,5/30/22 4:41,71.233,2.943,,,,
1723,5/30/22 4:46,71.22,2.943,,,,
1724,5/30/22 4:51,71.22,2.943,,,,
1725,5/30/22 4:56,71.233,2.943,,,,
1726,5/30/22 5:01,71.257,2.943,,,,
1727,5/30/22 5:06,71.257,2.943,,,,
1728,5/30/22 5:11,71.257,2.943,,,,
1729,5/30/22 5:16,71.269,2.943,,,,
1730,5/30/22 5:21,71.257,2.943,,,,
1731,5/30/22 5:26,71.269,2.943,,,,
1732,5/30/22 5:31,71.281,2.943,,,,
1733,5/30/22 5:36,71.293,2.943,,,,
1734,5/30/22 5:41,71.293,2.943,,,,
1735,5/30/22 5:46,71.305,2.943,,,,
1736,5/30/22 5:51,71.317,2.943,,,,
1737,5/30/22 5:56,71.305,2.943,,,,
1738,5/30/22 6:01,71.317,2.943,,,,
1739,5/30/22 6:06,71.317,2.943,,,,
1740,5/30/22 6:11,71.329,2.943,,,,
1741,5/30/22 6:16,71.329,2.943,,,,
1742,5/30/22 6:21,71.317,2.943,,,,
1743,5/30/22 6:26,71.329,2.943,,,,
1744,5/30/22 6:31,71.341,2.943,,,,
1745,5/30/22 6:36,71.341,2.943,,,,
1746,5/30/22 6:41,71.353,2.943,,,,
1747,5/30/22 6:46,71.353,2.943,,,,
1748,5/30/22 6:51,71.353,2.943,,,,
1749,5/30/22 6:56,71.353,2.943,,,,
1750,5/30/22 7:01,71.353,2.943,,,,
1751,5/30/22 7:06,71.353,2.943,,,,
1752,5/30/22 7:11,71.365,2.943,,,,
1753,5/30/22 7:16,71.365,2.943,,,,
1754,5/30/22 7:21,71.365,2.943,,,,
1755,5/30/22 7:26,71.365,2.943,,,,
1756,5/30/22 7:31,71.365,2.943,,,,
1757,5/30/22 7:36,71.377,2.943,,,,
1758,5/30/22 7:41,71.377,2.943,,,,
1759,5/30/22 7:46,71.365,2.943,,,,
1760,5/30/22 7:51,71.377,2.943,,,,
1761,5/30/22 7:56,71.377,2.943,,,,
1762,5/30/22 8:01,71.389,2.943,,,,
1763,5/30/22 8:06,71.401,2.943,,,,
1764,5/30/22 8:11,71.401,2.943,,,,
1765,5/30/22 8:16,71.413,2.943,,,,
1766,5/30/22 8:21,71.413,2.943,,,,
1767,5/30/22 8:26,71.401,2.943,,,,
1768,5/30/22 8:31,71.413,2.943,,,,
1769,5/30/22 8:36,71.401,2.943,,,,
1770,5/30/22 8:41,71.413,2.943,,,,
1771,5/30/22 8:46,71.413,2.943,,,,
1772,5/30/22 8:51,71.413,2.943,,,,
1773,5/30/22 8:56,71.437,2.943,,,,
1774,5/30/22 9:01,71.425,2.943,,,,
1775,5/30/22 9:06,71.413,2.943,,,,
1776,5/30/22 9:11,71.425,2.943,,,,
1777,5/30/22 9:16,71.425,2.943,,,,
1778,5/30/22 9:21,71.437,2.943,,,,
1779,5/30/22 9:26,71.425,2.943,,,,
1780,5/30/22 9:31,71.425,2.943,,,,
1781,5/30/22 9:36,71.425,2.943,,,,
1782,5/30/22 9:41,71.413,2.943,,,,
1783,5/30/22 9:46,71.413,2.943,,,,
1784,5/30/22 9:51,71.413,2.943,,,,
1785,5/30/22 9:56,71.413,2.943,,,,
1786,5/30/22 10:01,71.413,2.943,,,,
1787,5/30/22 10:06,71.413,2.943,,,,
1788,5/30/22 10:11,71.401,2.943,,,,
1789,5/30/22 10:16,71.413,2.943,,,,
1790,5/30/22 10:21,71.437,2.943,,,,
1791,5/30/22 10:26,71.413,2.943,,,,
1792,5/30/22 10:31,71.413,2.943,,,,
1793,5/30/22 10:36,71.413,2.943,,,,
1794,5/30/22 10:41,71.425,2.943,,,,
1795,5/30/22 10:46,71.437,2.943,,,,
1796,5/30/22 10:51,71.437,2.943,,,,
1797,5/30/22 10:56,71.437,2.943,,,,
1798,5/30/22 11:01,71.437,2.943,,,,
1799,5/30/22 11:06,71.449,2.943,,,,
1800,5/30/22 11:11,71.437,2.943,,,,
1801,5/30/22 11:16,71.437,2.943,,,,
1802,5/30/22 11:21,71.461,2.943,,,,
1803,5/30/22 11:26,71.473,2.943,,,,
1804,5/30/22 11:31,71.473,2.943,,,,
1805,5/30/22 11:36,71.473,2.943,,,,
1806,5/30/22 11:41,71.473,2.943,,,,
1807,5/30/22 11:46,71.473,2.943,,,,
1808,5/30/22 11:51,71.485,2.943,,,,
1809,5/30/22 11:56,71.473,2.943,,,,
1810,5/30/22 12:01,71.473,2.943,,,,
1811,5/30/22 12:06,71.485,2.943,,,,
1812,5/30/22 12:11,71.485,2.943,,,,
1813,5/30/22 12:16,71.497,2.943,,,,
1814,5/30/22 12:21,71.509,2.943,,,,
1815,5/30/22 12:26,71.534,2.943,,,,
1816,5/30/22 12:31,71.509,2.943,,,,
1817,5/30/22 12:36,71.509,2.943,,,,
1818,5/30/22 12:41,71.497,2.943,,,,
1819,5/30/22 12:46,71.485,2.943,,,,
1820,5/30/22 12:51,71.485,2.943,,,,
1821,5/30/22 12:56,71.485,2.943,,,,
1822,5/30/22 13:01,71.497,2.943,,,,
1823,5/30/22 13:06,71.497,2.943,,,,
1824,5/30/22 13:11,71.509,2.943,,,,
1825,5/30/22 13:16,71.522,2.943,,,,
1826,5/30/22 13:21,71.522,2.943,,,,
1827,5/30/22 13:26,71.497,2.943,,,,
1828,5/30/22 13:31,71.509,2.943,,,,
1829,5/30/22 13:36,71.522,2.943,,,,
1830,5/30/22 13:41,71.534,2.943,,,,
1831,5/30/22 13:46,71.522,2.943,,,,
1832,5/30/22 13:51,71.509,2.943,,,,
1833,5/30/22 13:56,71.522,2.943,,,,
1834,5/30/22 14:01,71.509,2.943,,,,
1835,5/30/22 14:06,71.509,2.943,,,,
1836,5/30/22 14:11,71.534,2.943,,,,
1837,5/30/22 14:16,71.546,2.943,,,,
1838,5/30/22 14:21,71.534,2.943,,,,
1839,5/30/22 14:26,71.534,2.943,,,,
1840,5/30/22 14:31,71.546,2.943,,,,
1841,5/30/22 14:36,71.546,2.943,,,,
1842,5/30/22 14:41,71.546,2.943,,,,
1843,5/30/22 14:46,71.57,2.943,,,,
1844,5/30/22 14:51,71.558,2.943,,,,
1845,5/30/22 14:56,71.558,2.943,,,,
1846,5/30/22 15:01,71.57,2.943,,,,
1847,5/30/22 15:06,71.582,2.943,,,,
1848,5/30/22 15:11,71.57,2.943,,,,
1849,5/30/22 15:16,71.582,2.943,,,,
1850,5/30/22 15:21,71.582,2.943,,,,
1851,5/30/22 15:26,71.63,2.943,,,,
1852,5/30/22 15:31,71.618,2.943,,,,
1853,5/30/22 15:36,71.618,2.943,,,,
1854,5/30/22 15:41,71.63,2.943,,,,
1855,5/30/22 15:46,71.618,2.943,,,,
1856,5/30/22 15:51,71.642,2.943,,,,
1857,5/30/22 15:56,71.63,2.943,,,,
1858,5/30/22 16:01,71.642,2.943,,,,
1859,5/30/22 16:06,71.654,2.943,,,,
1860,5/30/22 16:11,71.666,2.943,,,,
1861,5/30/22 16:16,71.678,2.943,,,,
1862,5/30/22 16:21,71.666,2.943,,,,
1863,5/30/22 16:26,71.678,2.943,,,,
1864,5/30/22 16:31,71.69,2.943,,,,
1865,5/30/22 16:36,71.69,2.943,,,,
1866,5/30/22 16:41,71.702,2.943,,,,
1867,5/30/22 16:46,71.702,2.943,,,,
1868,5/30/22 16:51,71.702,2.943,,,,
1869,5/30/22 16:56,71.714,2.943,,,,
1870,5/30/22 17:01,71.714,2.943,,,,
1871,5/30/22 17:06,71.726,2.943,,,,
1872,5/30/22 17:11,71.738,2.943,,,,
1873,5/30/22 17:16,71.762,2.943,,,,
1874,5/30/22 17:21,71.762,2.943,,,,
1875,5/30/22 17:26,71.774,2.943,,,,
1876,5/30/22 17:31,71.75,2.943,,,,
1877,5/30/22 17:36,71.75,2.943,,,,
1878,5/30/22 17:41,71.774,2.943,,,,
1879,5/30/22 17:46,71.786,2.943,,,,
1880,5/30/22 17:51,71.811,2.943,,,,
1881,5/30/22 17:56,71.823,2.943,,,,
1882,5/30/22 18:01,71.835,2.943,,,,
1883,5/30/22 18:06,71.859,2.943,,,,
1884,5/30/22 18:11,71.835,2.943,,,,
1885,5/30/22 18:16,71.847,2.943,,,,
1886,5/30/22 18:21,71.847,2.943,,,,
1887,5/30/22 18:26,71.847,2.943,,,,
1888,5/30/22 18:31,71.859,2.943,,,,
1889,5/30/22 18:36,71.859,2.943,,,,
1890,5/30/22 18:41,71.859,2.943,,,,
1891,5/30/22 18:46,71.871,2.943,,,,
1892,5/30/22 18:51,71.883,2.943,,,,
1893,5/30/22 18:56,71.883,2.943,,,,
1894,5/30/22 19:01,71.883,2.943,,,,
1895,5/30/22 19:06,71.895,2.943,,,,
1896,5/30/22 19:11,71.895,2.943,,,,
1897,5/30/22 19:16,71.919,2.943,,,,
1898,5/30/22 19:21,71.931,2.943,,,,
1899,5/30/22 19:26,71.955,2.943,,,,
1900,5/30/22 19:31,71.931,2.943,,,,
1901,5/30/22 19:36,71.943,2.943,,,,
1902,5/30/22 19:41,71.955,2.943,,,,
1903,5/30/22 19:46,71.955,2.943,,,,
1904,5/30/22 19:51,71.943,2.943,,,,
1905,5/30/22 19:56,71.955,2.943,,,,
1906,5/30/22 20:01,71.955,2.943,,,,
1907,5/30/22 20:06,71.979,2.943,,,,
1908,5/30/22 20:11,71.991,2.943,,,,
1909,5/30/22 20:16,71.991,2.943,,,,
1910,5/30/22 20:21,72.003,2.943,,,,
1911,5/30/22 20:26,72.003,2.943,,,,
1912,5/30/22 20:31,71.991,2.943,,,,
1913,5/30/22 20:36,72.015,2.943,,,,
1914,5/30/22 20:41,72.027,2.943,,,,
1915,5/30/22 20:46,72.027,2.943,,,,
1916,5/30/22 20:51,72.039,2.943,,,,
1917,5/30/22 20:56,72.051,2.943,,,,
1918,5/30/22 21:01,72.039,2.943,,,,
1919,5/30/22 21:06,72.051,2.943,,,,
1920,5/30/22 21:11,72.051,2.943,,,,
1921,5/30/22 21:16,72.064,2.943,,,,
1922,5/30/22 21:21,72.064,2.943,,,,
1923,5/30/22 21:26,72.076,2.943,,,,
1924,5/30/22 21:31,72.076,2.943,,,,
1925,5/30/22 21:36,72.088,2.943,,,,
1926,5/30/22 21:41,72.1,2.943,,,,
1927,5/30/22 21:46,72.1,2.943,,,,
1928,5/30/22 21:51,72.088,2.943,,,,
1929,5/30/22 21:56,72.076,2.943,,,,
1930,5/30/22 22:01,72.088,2.943,,,,
1931,5/30/22 22:06,72.076,2.943,,,,
1932,5/30/22 22:11,72.076,2.943,,,,
1933,5/30/22 22:16,72.076,2.943,,,,
1934,5/30/22 22:21,72.076,2.943,,,,
1935,5/30/22 22:26,72.076,2.943,,,,
1936,5/30/22 22:31,72.064,2.943,,,,
1937,5/30/22 22:36,72.064,2.943,,,,
1938,5/30/22 22:41,72.051,2.943,,,,
1939,5/30/22 22:46,72.051,2.943,,,,
1940,5/30/22 22:51,72.051,2.943,,,,
1941,5/30/22 22:56,72.051,2.943,,,,
1942,5/30/22 23:01,72.051,2.943,,,,
1943,5/30/22 23:06,72.051,2.943,,,,
1944,5/30/22 23:11,72.051,2.943,,,,
1945,5/30/22 23:16,72.051,2.943,,,,
1946,5/30/22 23:21,72.051,2.943,,,,
1947,5/30/22 23:26,72.039,2.943,,,,
1948,5/30/22 23:31,72.051,2.943,,,,
1949,5/30/22 23:36,72.039,2.943,,,,
1950,5/30/22 23:41,72.039,2.943,,,,
1951,5/30/22 23:46,72.039,2.943,,,,
1952,5/30/22 23:51,72.051,2.943,,,,
1953,5/30/22 23:56,72.039,2.943,,,,
1954,5/31/22 0:01,72.051,2.943,,,,
1955,5/31/22 0:06,72.039,2.943,,,,
1956,5/31/22 0:11,72.039,2.943,,,,
1957,5/31/22 0:16,72.039,2.943,,,,
1958,5/31/22 0:21,72.027,2.943,,,,
1959,5/31/22 0:26,72.027,2.943,,,,
1960,5/31/22 0:31,72.027,2.943,,,,
1961,5/31/22 0:36,72.015,2.943,,,,
1962,5/31/22 0:41,72.039,2.943,,,,
1963,5/31/22 0:46,72.051,2.943,,,,
1964,5/31/22 0:51,72.027,2.943,,,,
1965,5/31/22 0:56,72.039,2.943,,,,
1966,5/31/22 1:01,72.027,2.943,,,,
1967,5/31/22 1:06,72.027,2.943,,,,
1968,5/31/22 1:11,72.027,2.943,,,,
1969,5/31/22 1:16,72.027,2.943,,,,
1970,5/31/22 1:21,72.027,2.943,,,,
1971,5/31/22 1:26,72.027,2.943,,,,
1972,5/31/22 1:31,72.027,2.943,,,,
1973,5/31/22 1:36,72.015,2.943,,,,
1974,5/31/22 1:41,72.027,2.943,,,,
1975,5/31/22 1:46,72.027,2.943,,,,
1976,5/31/22 1:51,72.027,2.943,,,,
1977,5/31/22 1:56,72.027,2.943,,,,
1978,5/31/22 2:01,72.039,2.943,,,,
1979,5/31/22 2:06,72.051,2.943,,,,
1980,5/31/22 2:11,72.051,2.943,,,,
1981,5/31/22 2:16,72.051,2.943,,,,
1982,5/31/22 2:21,72.051,2.943,,,,
1983,5/31/22 2:26,72.039,2.943,,,,
1984,5/31/22 2:31,72.051,2.943,,,,
1985,5/31/22 2:36,72.064,2.943,,,,
1986,5/31/22 2:41,72.064,2.943,,,,
1987,5/31/22 2:46,72.064,2.943,,,,
1988,5/31/22 2:51,72.064,2.943,,,,
1989,5/31/22 2:56,72.064,2.943,,,,
1990,5/31/22 3:01,72.064,2.943,,,,
1991,5/31/22 3:06,72.076,2.943,,,,
1992,5/31/22 3:11,72.076,2.943,,,,
1993,5/31/22 3:16,72.088,2.943,,,,
1994,5/31/22 3:21,72.088,2.943,,,,
1995,5/31/22 3:26,72.088,2.943,,,,
1996,5/31/22 3:31,72.088,2.943,,,,
1997,5/31/22 3:36,72.088,2.943,,,,
1998,5/31/22 3:41,72.1,2.943,,,,
1999,5/31/22 3:46,72.112,2.943,,,,
2000,5/31/22 3:51,72.1,2.943,,,,
2001,5/31/22 3:56,72.1,2.943,,,,
2002,5/31/22 4:01,72.1,2.943,,,,
2003,5/31/22 4:06,72.1,2.943,,,,
2004,5/31/22 4:11,72.124,2.943,,,,
2005,5/31/22 4:16,72.112,2.943,,,,
2006,5/31/22 4:21,72.1,2.943,,,,
2007,5/31/22 4:26,72.1,2.943,,,,
2008,5/31/22 4:31,72.1,2.943,,,,
2009,5/31/22 4:36,72.124,2.943,,,,
2010,5/31/22 4:41,72.112,2.943,,,,
2011,5/31/22 4:46,72.112,2.943,,,,
2012,5/31/22 4:51,72.112,2.943,,,,
2013,5/31/22 4:56,72.124,2.943,,,,
2014,5/31/22 5:01,72.112,2.943,,,,
2015,5/31/22 5:06,72.136,2.943,,,,
2016,5/31/22 5:11,72.136,2.943,,,,
2017,5/31/22 5:16,72.136,2.943,,,,
2018,5/31/22 5:21,72.136,2.943,,,,
2019,5/31/22 5:26,72.136,2.943,,,,
2020,5/31/22 5:31,72.136,2.943,,,,
2021,5/31/22 5:36,72.136,2.943,,,,
2022,5/31/22 5:41,72.136,2.943,,,,
2023,5/31/22 5:46,72.148,2.943,,,,
2024,5/31/22 5:51,72.148,2.943,,,,
2025,5/31/22 5:56,72.16,2.943,,,,
2026,5/31/22 6:01,72.148,2.943,,,,
2027,5/31/22 6:06,72.136,2.943,,,,
2028,5/31/22 6:11,72.136,2.943,,,,
2029,5/31/22 6:16,72.16,2.943,,,,
2030,5/31/22 6:21,72.148,2.943,,,,
2031,5/31/22 6:26,72.148,2.943,,,,
2032,5/31/22 6:31,72.136,2.943,,,,
2033,5/31/22 6:36,72.16,2.943,,,,
2034,5/31/22 6:41,72.148,2.943,,,,
2035,5/31/22 6:46,72.148,2.943,,,,
2036,5/31/22 6:51,72.16,2.943,,,,
2037,5/31/22 6:56,72.148,2.943,,,,
2038,5/31/22 7:01,72.148,2.943,,,,
2039,5/31/22 7:06,72.148,2.943,,,,
2040,5/31/22 7:11,72.136,2.943,,,,
2041,5/31/22 7:16,72.124,2.943,,,,
2042,5/31/22 7:21,72.136,2.943,,,,
2043,5/31/22 7:26,72.148,2.943,,,,
2044,5/31/22 7:31,72.148,2.943,,,,
2045,5/31/22 7:36,72.16,2.943,,,,
2046,5/31/22 7:41,72.16,2.943,,,,
2047,5/31/22 7:46,72.148,2.943,,,,
2048,5/31/22 7:51,72.16,2.943,,,,
2049,5/31/22 7:56,72.172,2.943,,,,
2050,5/31/22 8:01,72.172,2.943,,,,
2051,5/31/22 8:06,72.16,2.943,,,,
2052,5/31/22 8:11,72.171,3.049,,,,
2053,5/31/22 8:16,72.171,3.049,,,,
2054,5/31/22 8:21,72.172,2.943,,,,
2055,5/31/22 8:26,72.172,2.943,,,,
2056,5/31/22 8:31,72.172,2.943,,,,
2057,5/31/22 8:36,72.179,3.683,,,,
2058,5/31/22 8:41,72.191,3.578,,,,
2059,5/31/22 8:46,72.194,3.155,,,,
2060,5/31/22 8:51,72.194,3.261,,,,
2061,5/31/22 8:56,72.193,3.367,,,,
2062,5/31/22 9:01,72.203,3.683,,,,
2063,5/31/22 9:06,72.202,3.788,,,,
2064,5/31/22 9:11,72.216,3.578,,,,
2065,5/31/22 9:16,72.204,3.472,,,,
2066,5/31/22 9:21,72.205,3.367,,,,
2067,5/31/22 9:26,72.205,3.367,,,,
2068,5/31/22 9:31,72.218,3.261,,,,
2069,5/31/22 9:36,72.206,3.261,,,,
2070,5/31/22 9:41,72.174,4.415,,,,
2071,5/31/22 9:46,,,,Logged,Logged,
2072,5/31/22 9:51,,,,,Logged,Logged
,5/31/22 9:56,,,,,,
,5/31/22 10:01,,,,,,
,5/31/22 10:02,,,,,,
,5/31/22 10:03,,,,,,