Created by Omnilog Version 7.2 at 16/05/2022 12:02:38,,,,
Logger Type   WT-HR 64K,,,,
Serial Number   1804237,,,,
Logging Period   10min,,,,
Logger Status   Running Looping,,,,
Total Samples   10944,,,,
Number of Trips   6,,,,
Logger ID   Factory Default Reset on 23/04/2018,,,,
,,,,
Sample,Date Time,Water Temp,Water Height,Water Height
Number,d/m/y,Average,Point,Average
,24hr,°C,mm,mm
161,02/03/2022 14:40:00,1.0,10,10
162,02/03/2022 14:50:00,1.0,10,10
163,02/03/2022 15:00:00,1.0,10,10
164,02/03/2022 15:10:00,1.0,10,10
165,02/03/2022 15:20:00,1.0,10,10
166,02/03/2022 15:30:00,1.0,10,10
167,02/03/2022 15:40:00,1.0,10,10
168,02/03/2022 15:50:00,1.0,10,10
169,02/03/2022 16:00:00,1.0,10,10
170,02/03/2022 16:10:00,1.0,10,10
171,02/03/2022 16:20:00,1.0,10,10
172,02/03/2022 16:30:00,1.0,10,10
173,02/03/2022 16:40:00,1.0,10,10
174,02/03/2022 16:50:00,1.0,10,10
175,02/03/2022 17:00:00,1.0,10,10
176,02/03/2022 17:10:00,1.0,10,10
177,02/03/2022 17:20:00,1.0,10,10
178,02/03/2022 17:30:00,1.0,10,10
179,02/03/2022 17:40:00,1.0,10,10
180,02/03/2022 17:50:00,1.0,10,10
181,02/03/2022 18:00:00,1.0,10,10
182,02/03/2022 18:10:00,1.0,10,10
183,02/03/2022 18:20:00,1.0,10,10
184,02/03/2022 18:30:00,1.0,10,10
185,02/03/2022 18:40:00,1.0,10,10
186,02/03/2022 18:50:00,1.0,10,10
187,02/03/2022 19:00:00,1.0,10,10
188,02/03/2022 19:10:00,1.0,10,10
189,02/03/2022 19:20:00,1.0,10,10
190,02/03/2022 19:30:00,1.0,10,10
191,02/03/2022 19:40:00,1.0,10,10
192,02/03/2022 19:50:00,1.0,10,10
193,02/03/2022 20:00:00,1.0,10,10
194,02/03/2022 20:10:00,1.0,10,10
195,02/03/2022 20:20:00,1.0,10,10
196,02/03/2022 20:30:00,1.0,10,10
197,02/03/2022 20:40:00,1.0,10,10
198,02/03/2022 20:50:00,1.0,10,10
199,02/03/2022 21:00:00,1.0,10,10
200,02/03/2022 21:10:00,1.0,10,10
201,02/03/2022 21:20:00,1.0,10,10
202,02/03/2022 21:30:00,1.0,10,10
203,02/03/2022 21:40:00,1.0,10,10
204,02/03/2022 21:50:00,1.0,10,10
205,02/03/2022 22:00:00,1.0,10,10
206,02/03/2022 22:10:00,1.0,10,10
207,02/03/2022 22:20:00,1.0,10,10
208,02/03/2022 22:30:00,1.0,10,10
209,02/03/2022 22:40:00,1.0,10,10
210,02/03/2022 22:50:00,1.0,10,10
211,02/03/2022 23:00:00,1.0,10,10
212,02/03/2022 23:10:00,1.0,10,10
213,02/03/2022 23:20:00,1.0,10,10
214,02/03/2022 23:30:00,1.0,10,10
215,02/03/2022 23:40:00,1.0,10,10
216,02/03/2022 23:50:00,1.0,10,10
217,03/03/2022 00:00:00,1.0,10,10
218,03/03/2022 00:10:00,1.0,10,10
219,03/03/2022 00:20:00,1.0,10,10
220,03/03/2022 00:30:00,1.0,10,10
221,03/03/2022 00:40:00,1.0,10,10
222,03/03/2022 00:50:00,1.0,10,10
223,03/03/2022 01:00:00,1.0,10,11
224,03/03/2022 01:10:00,1.0,10,10
225,03/03/2022 01:20:00,1.0,10,10
226,03/03/2022 01:30:00,1.0,10,10
227,03/03/2022 01:40:00,1.0,10,10
228,03/03/2022 01:50:00,1.0,10,10
229,03/03/2022 02:00:00,1.0,10,10
230,03/03/2022 02:10:00,1.0,10,10
231,03/03/2022 02:20:00,1.0,10,10
232,03/03/2022 02:30:00,1.0,10,10
233,03/03/2022 02:40:00,1.0,10,10
234,03/03/2022 02:50:00,1.0,10,10
235,03/03/2022 03:00:00,1.0,11,10
236,03/03/2022 03:10:00,1.0,10,10
237,03/03/2022 03:20:00,1.0,10,10
238,03/03/2022 03:30:00,1.0,10,10
239,03/03/2022 03:40:00,1.0,10,10
240,03/03/2022 03:50:00,1.0,10,10
241,03/03/2022 04:00:00,1.0,10,11
242,03/03/2022 04:10:00,1.0,10,10
243,03/03/2022 04:20:00,1.0,10,10
244,03/03/2022 04:30:00,1.0,10,10
245,03/03/2022 04:40:00,1.0,10,11
246,03/03/2022 04:50:00,1.0,10,11
247,03/03/2022 05:00:00,1.0,10,10
248,03/03/2022 05:10:00,1.0,10,11
249,03/03/2022 05:20:00,1.0,10,10
250,03/03/2022 05:30:00,1.0,10,10
251,03/03/2022 05:40:00,1.0,10,10
252,03/03/2022 05:50:00,1.0,10,11
253,03/03/2022 06:00:00,1.0,10,10
254,03/03/2022 06:10:00,1.0,10,10
255,03/03/2022 06:20:00,1.0,10,10
256,03/03/2022 06:30:00,1.0,10,10
257,03/03/2022 06:40:00,1.0,10,10
258,03/03/2022 06:50:00,1.0,10,10
259,03/03/2022 07:00:00,1.0,10,10
260,03/03/2022 07:10:00,1.0,10,10
261,03/03/2022 07:20:00,1.0,10,11
262,03/03/2022 07:30:00,1.0,10,11
263,03/03/2022 07:40:00,1.0,10,10
264,03/03/2022 07:50:00,1.0,10,10
265,03/03/2022 08:00:00,1.0,10,10
266,03/03/2022 08:10:00,1.0,10,10
267,03/03/2022 08:20:00,1.0,10,11
268,03/03/2022 08:30:00,1.0,10,10
269,03/03/2022 08:40:00,1.0,10,10
270,03/03/2022 08:50:00,1.0,10,10
271,03/03/2022 09:00:00,1.0,10,10
272,03/03/2022 09:10:00,1.0,10,10
273,03/03/2022 09:20:00,1.0,10,10
274,03/03/2022 09:30:00,1.0,10,10
275,03/03/2022 09:40:00,1.0,10,10
276,03/03/2022 09:50:00,1.0,10,10
277,03/03/2022 10:00:00,1.0,10,10
278,03/03/2022 10:10:00,1.0,10,10
279,03/03/2022 10:20:00,1.0,10,10
280,03/03/2022 10:30:00,1.0,10,10
281,03/03/2022 10:40:00,1.0,10,10
282,03/03/2022 10:50:00,1.0,10,10
283,03/03/2022 11:00:00,1.0,10,11
284,03/03/2022 11:10:00,1.0,10,10
285,03/03/2022 11:20:00,1.0,10,10
286,03/03/2022 11:30:00,1.0,10,10
287,03/03/2022 11:40:00,1.0,10,10
288,03/03/2022 11:50:00,1.0,10,10
289,03/03/2022 12:00:00,1.0,10,10
290,03/03/2022 12:10:00,1.1,10,10
291,03/03/2022 12:20:00,1.1,10,10
292,03/03/2022 12:30:00,1.1,10,10
293,03/03/2022 12:40:00,1.1,10,10
294,03/03/2022 12:50:00,1.1,10,10
295,03/03/2022 13:00:00,1.1,10,11
296,03/03/2022 13:10:00,1.1,10,10
297,03/03/2022 13:20:00,1.1,10,10
298,03/03/2022 13:30:00,1.1,10,10
299,03/03/2022 13:40:00,1.1,10,10
300,03/03/2022 13:50:00,1.1,10,10
301,03/03/2022 14:00:00,1.1,10,10
302,03/03/2022 14:10:00,1.1,10,10
303,03/03/2022 14:20:00,1.1,10,10
304,03/03/2022 14:30:00,1.1,10,10
305,03/03/2022 14:40:00,1.1,10,10
306,03/03/2022 14:50:00,1.1,11,10
307,03/03/2022 15:00:00,1.1,10,10
308,03/03/2022 15:10:00,1.1,10,10
309,03/03/2022 15:20:00,1.1,10,10
310,03/03/2022 15:30:00,1.1,10,10
311,03/03/2022 15:40:00,1.1,10,10
312,03/03/2022 15:50:00,1.1,10,10
313,03/03/2022 16:00:00,1.1,10,10
314,03/03/2022 16:10:00,1.1,10,10
315,03/03/2022 16:20:00,1.1,10,10
316,03/03/2022 16:30:00,1.1,10,10
317,03/03/2022 16:40:00,1.1,10,10
318,03/03/2022 16:50:00,1.1,10,10
319,03/03/2022 17:00:00,1.1,10,10
320,03/03/2022 17:10:00,1.1,10,10
321,03/03/2022 17:20:00,1.1,10,10
322,03/03/2022 17:30:00,1.1,10,10
323,03/03/2022 17:40:00,1.1,10,10
324,03/03/2022 17:50:00,1.1,10,10
325,03/03/2022 18:00:00,1.1,10,10
326,03/03/2022 18:10:00,1.1,10,10
327,03/03/2022 18:20:00,1.1,10,10
328,03/03/2022 18:30:00,1.1,10,10
329,03/03/2022 18:40:00,1.1,10,10
330,03/03/2022 18:50:00,1.1,10,10
331,03/03/2022 19:00:00,1.1,10,10
332,03/03/2022 19:10:00,1.1,10,10
333,03/03/2022 19:20:00,1.1,10,10
334,03/03/2022 19:30:00,1.1,10,10
335,03/03/2022 19:40:00,1.1,10,10
336,03/03/2022 19:50:00,1.1,10,10
337,03/03/2022 20:00:00,1.1,10,10
338,03/03/2022 20:10:00,1.1,10,10
339,03/03/2022 20:20:00,1.1,10,10
340,03/03/2022 20:30:00,1.1,10,10
341,03/03/2022 20:40:00,1.1,10,10
342,03/03/2022 20:50:00,1.1,10,10
343,03/03/2022 21:00:00,1.1,10,10
344,03/03/2022 21:10:00,1.1,10,10
345,03/03/2022 21:20:00,1.1,10,10
346,03/03/2022 21:30:00,1.1,10,10
347,03/03/2022 21:40:00,1.1,10,10
348,03/03/2022 21:50:00,1.1,10,10
349,03/03/2022 22:00:00,1.1,10,10
350,03/03/2022 22:10:00,1.1,10,10
351,03/03/2022 22:20:00,1.1,10,10
352,03/03/2022 22:30:00,1.1,10,10
353,03/03/2022 22:40:00,1.1,10,10
354,03/03/2022 22:50:00,1.1,10,10
355,03/03/2022 23:00:00,1.1,10,10
356,03/03/2022 23:10:00,1.1,10,10
357,03/03/2022 23:20:00,1.1,10,10
358,03/03/2022 23:30:00,1.1,10,10
359,03/03/2022 23:40:00,1.1,10,10
360,03/03/2022 23:50:00,1.1,10,10
361,04/03/2022 00:00:00,1.1,10,10
362,04/03/2022 00:10:00,1.1,10,10
363,04/03/2022 00:20:00,1.1,10,10
364,04/03/2022 00:30:00,1.1,10,10
365,04/03/2022 00:40:00,1.1,10,10
366,04/03/2022 00:50:00,1.1,10,10
367,04/03/2022 01:00:00,1.1,10,10
368,04/03/2022 01:10:00,1.1,10,10
369,04/03/2022 01:20:00,1.1,10,10
370,04/03/2022 01:30:00,1.1,10,10
371,04/03/2022 01:40:00,1.1,10,10
372,04/03/2022 01:50:00,1.1,10,10
373,04/03/2022 02:00:00,1.1,10,10
374,04/03/2022 02:10:00,1.1,10,10
375,04/03/2022 02:20:00,1.1,10,10
376,04/03/2022 02:30:00,1.1,10,10
377,04/03/2022 02:40:00,1.1,10,10
378,04/03/2022 02:50:00,1.1,10,10
379,04/03/2022 03:00:00,1.1,10,10
380,04/03/2022 03:10:00,1.1,10,10
381,04/03/2022 03:20:00,1.1,10,10
382,04/03/2022 03:30:00,1.1,10,10
383,04/03/2022 03:40:00,1.1,10,10
384,04/03/2022 03:50:00,1.1,10,11
385,04/03/2022 04:00:00,1.1,10,10
386,04/03/2022 04:10:00,1.1,10,10
387,04/03/2022 04:20:00,1.1,10,10
388,04/03/2022 04:30:00,1.1,10,10
389,04/03/2022 04:40:00,1.1,10,10
390,04/03/2022 04:50:00,1.1,10,10
391,04/03/2022 05:00:00,1.1,10,10
392,04/03/2022 05:10:00,1.1,10,10
393,04/03/2022 05:20:00,1.1,10,10
394,04/03/2022 05:30:00,1.1,10,10
395,04/03/2022 05:40:00,1.1,10,10
396,04/03/2022 05:50:00,1.1,10,11
397,04/03/2022 06:00:00,1.1,10,10
398,04/03/2022 06:10:00,1.1,10,10
399,04/03/2022 06:20:00,1.1,10,10
400,04/03/2022 06:30:00,1.1,10,10
401,04/03/2022 06:40:00,1.1,10,10
402,04/03/2022 06:50:00,1.1,10,10
403,04/03/2022 07:00:00,1.1,10,10
404,04/03/2022 07:10:00,1.1,10,10
405,04/03/2022 07:20:00,1.1,10,10
406,04/03/2022 07:30:00,1.1,10,10
407,04/03/2022 07:40:00,1.1,10,10
408,04/03/2022 07:50:00,1.1,10,10
409,04/03/2022 08:00:00,1.1,10,10
410,04/03/2022 08:10:00,1.1,10,10
411,04/03/2022 08:20:00,1.1,10,10
412,04/03/2022 08:30:00,1.1,10,10
413,04/03/2022 08:40:00,1.1,10,10
414,04/03/2022 08:50:00,1.1,10,10
415,04/03/2022 09:00:00,1.1,10,10
416,04/03/2022 09:10:00,1.1,10,10
417,04/03/2022 09:20:00,1.1,10,10
418,04/03/2022 09:30:00,1.1,10,10
419,04/03/2022 09:40:00,1.1,10,10
420,04/03/2022 09:50:00,1.1,10,10
421,04/03/2022 10:00:00,1.1,10,10
422,04/03/2022 10:10:00,1.1,10,10
423,04/03/2022 10:20:00,1.1,10,10
424,04/03/2022 10:30:00,1.1,10,10
425,04/03/2022 10:40:00,1.1,10,10
426,04/03/2022 10:50:00,1.1,10,10
427,04/03/2022 11:00:00,1.1,10,10
428,04/03/2022 11:10:00,1.1,10,10
429,04/03/2022 11:20:00,1.1,10,10
430,04/03/2022 11:30:00,1.1,10,10
431,04/03/2022 11:40:00,1.1,10,10
432,04/03/2022 11:50:00,1.1,10,10
433,04/03/2022 12:00:00,1.1,10,10
434,04/03/2022 12:10:00,1.1,10,10
435,04/03/2022 12:20:00,1.1,10,10
436,04/03/2022 12:30:00,1.1,10,10
437,04/03/2022 12:40:00,1.1,10,10
438,04/03/2022 12:50:00,1.1,10,10
439,04/03/2022 13:00:00,1.1,10,10
440,04/03/2022 13:10:00,1.1,10,10
441,04/03/2022 13:20:00,1.1,10,10
442,04/03/2022 13:30:00,1.1,10,10
443,04/03/2022 13:40:00,1.1,10,10
444,04/03/2022 13:50:00,1.1,10,10
445,04/03/2022 14:00:00,1.1,10,10
446,04/03/2022 14:10:00,1.1,10,10
447,04/03/2022 14:20:00,1.1,10,10
448,04/03/2022 14:30:00,1.1,10,10
449,04/03/2022 14:40:00,1.1,10,10
450,04/03/2022 14:50:00,1.1,10,10
451,04/03/2022 15:00:00,1.1,10,10
452,04/03/2022 15:10:00,1.1,10,10
453,04/03/2022 15:20:00,1.1,10,10
454,04/03/2022 15:30:00,1.1,10,10
455,04/03/2022 15:40:00,1.1,10,10
456,04/03/2022 15:50:00,1.1,10,10
457,04/03/2022 16:00:00,1.1,10,10
458,04/03/2022 16:10:00,1.1,10,10
459,04/03/2022 16:20:00,1.1,10,10
460,04/03/2022 16:30:00,1.1,10,10
461,04/03/2022 16:40:00,1.1,10,10
462,04/03/2022 16:50:00,1.1,10,10
463,04/03/2022 17:00:00,1.1,10,10
464,04/03/2022 17:10:00,1.1,10,10
465,04/03/2022 17:20:00,1.1,10,10
466,04/03/2022 17:30:00,1.1,10,10
467,04/03/2022 17:40:00,1.1,10,10
468,04/03/2022 17:50:00,1.1,10,10
469,04/03/2022 18:00:00,1.1,10,10
470,04/03/2022 18:10:00,1.1,10,10
471,04/03/2022 18:20:00,1.1,10,10
472,04/03/2022 18:30:00,1.1,10,10
473,04/03/2022 18:40:00,1.1,10,10
474,04/03/2022 18:50:00,1.1,10,10
475,04/03/2022 19:00:00,1.1,10,10
476,04/03/2022 19:10:00,1.1,10,10
477,04/03/2022 19:20:00,1.1,10,10
478,04/03/2022 19:30:00,1.1,10,10
479,04/03/2022 19:40:00,1.1,10,10
480,04/03/2022 19:50:00,1.1,10,10
481,04/03/2022 20:00:00,1.1,10,10
482,04/03/2022 20:10:00,1.1,10,10
483,04/03/2022 20:20:00,1.1,10,10
484,04/03/2022 20:30:00,1.1,10,10
485,04/03/2022 20:40:00,1.1,10,10
486,04/03/2022 20:50:00,1.1,10,10
487,04/03/2022 21:00:00,1.1,10,10
488,04/03/2022 21:10:00,1.1,10,10
489,04/03/2022 21:20:00,1.1,10,10
490,04/03/2022 21:30:00,1.1,10,10
491,04/03/2022 21:40:00,1.1,10,10
492,04/03/2022 21:50:00,1.1,10,10
493,04/03/2022 22:00:00,1.1,10,10
494,04/03/2022 22:10:00,1.1,10,10
495,04/03/2022 22:20:00,1.1,10,10
496,04/03/2022 22:30:00,1.1,10,10
497,04/03/2022 22:40:00,1.1,10,10
498,04/03/2022 22:50:00,1.1,10,10
499,04/03/2022 23:00:00,1.1,10,10
500,04/03/2022 23:10:00,1.1,10,10
501,04/03/2022 23:20:00,1.1,10,10
502,04/03/2022 23:30:00,1.1,10,10
503,04/03/2022 23:40:00,1.1,10,10
504,04/03/2022 23:50:00,1.1,10,10
505,05/03/2022 00:00:00,1.1,10,10
506,05/03/2022 00:10:00,1.1,10,10
507,05/03/2022 00:20:00,1.1,10,10
508,05/03/2022 00:30:00,1.1,10,10
509,05/03/2022 00:40:00,1.1,10,10
510,05/03/2022 00:50:00,1.1,10,10
511,05/03/2022 01:00:00,1.1,10,10
512,05/03/2022 01:10:00,1.1,10,10
513,05/03/2022 01:20:00,1.1,10,10
514,05/03/2022 01:30:00,1.1,10,10
515,05/03/2022 01:40:00,1.1,10,10
516,05/03/2022 01:50:00,1.1,10,10
517,05/03/2022 02:00:00,1.1,10,10
518,05/03/2022 02:10:00,1.1,10,10
519,05/03/2022 02:20:00,1.1,10,10
520,05/03/2022 02:30:00,1.1,10,10
521,05/03/2022 02:40:00,1.1,10,10
522,05/03/2022 02:50:00,1.1,10,10
523,05/03/2022 03:00:00,1.1,10,10
524,05/03/2022 03:10:00,1.1,10,10
525,05/03/2022 03:20:00,1.1,10,10
526,05/03/2022 03:30:00,1.1,10,10
527,05/03/2022 03:40:00,1.1,10,10
528,05/03/2022 03:50:00,1.1,10,10
529,05/03/2022 04:00:00,1.1,10,10
530,05/03/2022 04:10:00,1.1,10,10
531,05/03/2022 04:20:00,1.1,10,10
532,05/03/2022 04:30:00,1.1,10,10
533,05/03/2022 04:40:00,1.1,10,10
534,05/03/2022 04:50:00,1.1,10,10
535,05/03/2022 05:00:00,1.1,10,10
536,05/03/2022 05:10:00,1.1,10,10
537,05/03/2022 05:20:00,1.1,10,10
538,05/03/2022 05:30:00,1.1,10,10
539,05/03/2022 05:40:00,1.1,10,10
540,05/03/2022 05:50:00,1.1,10,10
541,05/03/2022 06:00:00,1.1,10,10
542,05/03/2022 06:10:00,1.1,10,10
543,05/03/2022 06:20:00,1.1,10,10
544,05/03/2022 06:30:00,1.1,10,10
545,05/03/2022 06:40:00,1.1,10,10
546,05/03/2022 06:50:00,1.1,10,10
547,05/03/2022 07:00:00,1.1,10,10
548,05/03/2022 07:10:00,1.1,10,10
549,05/03/2022 07:20:00,1.1,10,10
550,05/03/2022 07:30:00,1.1,10,10
551,05/03/2022 07:40:00,1.1,10,10
552,05/03/2022 07:50:00,1.1,10,10
553,05/03/2022 08:00:00,1.1,10,10
554,05/03/2022 08:10:00,1.1,10,10
555,05/03/2022 08:20:00,1.1,10,10
556,05/03/2022 08:30:00,1.1,10,10
557,05/03/2022 08:40:00,1.1,10,10
558,05/03/2022 08:50:00,1.1,10,10
559,05/03/2022 09:00:00,1.1,10,10
560,05/03/2022 09:10:00,1.1,10,10
561,05/03/2022 09:20:00,1.1,10,10
562,05/03/2022 09:30:00,1.1,10,10
563,05/03/2022 09:40:00,1.1,10,10
564,05/03/2022 09:50:00,1.1,10,10
565,05/03/2022 10:00:00,1.1,10,10
566,05/03/2022 10:10:00,1.1,10,10
567,05/03/2022 10:20:00,1.1,10,10
568,05/03/2022 10:30:00,1.1,10,10
569,05/03/2022 10:40:00,1.1,10,10
570,05/03/2022 10:50:00,1.1,10,10
571,05/03/2022 11:00:00,1.1,10,10
572,05/03/2022 11:10:00,1.1,10,10
573,05/03/2022 11:20:00,1.1,10,10
574,05/03/2022 11:30:00,1.1,10,10
575,05/03/2022 11:40:00,1.1,10,10
576,05/03/2022 11:50:00,1.1,10,10
577,05/03/2022 12:00:00,1.1,10,10
578,05/03/2022 12:10:00,1.1,10,10
579,05/03/2022 12:20:00,1.1,10,10
580,05/03/2022 12:30:00,1.1,10,10
581,05/03/2022 12:40:00,1.1,10,10
582,05/03/2022 12:50:00,1.1,10,10
583,05/03/2022 13:00:00,1.1,10,10
584,05/03/2022 13:10:00,1.1,10,10
585,05/03/2022 13:20:00,1.1,10,10
586,05/03/2022 13:30:00,1.1,10,10
587,05/03/2022 13:40:00,1.1,10,10
588,05/03/2022 13:50:00,1.1,10,10
589,05/03/2022 14:00:00,1.1,10,10
590,05/03/2022 14:10:00,1.1,10,10
591,05/03/2022 14:20:00,1.1,10,10
592,05/03/2022 14:30:00,1.1,10,10
593,05/03/2022 14:40:00,1.1,10,10
594,05/03/2022 14:50:00,1.1,10,10
595,05/03/2022 15:00:00,1.1,10,10
596,05/03/2022 15:10:00,1.1,10,10
597,05/03/2022 15:20:00,1.1,10,10
598,05/03/2022 15:30:00,1.1,10,10
599,05/03/2022 15:40:00,1.1,10,10
600,05/03/2022 15:50:00,1.1,10,10
601,05/03/2022 16:00:00,1.1,10,10
602,05/03/2022 16:10:00,1.1,10,10
603,05/03/2022 16:20:00,1.1,10,10
604,05/03/2022 16:30:00,1.1,10,10
605,05/03/2022 16:40:00,1.1,10,10
606,05/03/2022 16:50:00,1.1,10,10
607,05/03/2022 17:00:00,1.1,10,10
608,05/03/2022 17:10:00,1.1,10,10
609,05/03/2022 17:20:00,1.1,10,10
610,05/03/2022 17:30:00,1.1,10,10
611,05/03/2022 17:40:00,1.1,10,10
612,05/03/2022 17:50:00,1.1,10,10
613,05/03/2022 18:00:00,1.1,10,10
614,05/03/2022 18:10:00,1.1,10,10
615,05/03/2022 18:20:00,1.1,10,10
616,05/03/2022 18:30:00,1.1,10,10
617,05/03/2022 18:40:00,1.1,10,10
618,05/03/2022 18:50:00,1.1,10,10
619,05/03/2022 19:00:00,1.1,10,10
620,05/03/2022 19:10:00,1.1,10,10
621,05/03/2022 19:20:00,1.1,10,10
622,05/03/2022 19:30:00,1.1,10,10
623,05/03/2022 19:40:00,1.1,10,10
624,05/03/2022 19:50:00,1.1,10,10
625,05/03/2022 20:00:00,1.1,10,10
626,05/03/2022 20:10:00,1.1,10,10
627,05/03/2022 20:20:00,1.1,10,10
628,05/03/2022 20:30:00,1.1,10,10
629,05/03/2022 20:40:00,1.1,10,10
630,05/03/2022 20:50:00,1.1,10,10
631,05/03/2022 21:00:00,1.1,10,10
632,05/03/2022 21:10:00,1.1,10,10
633,05/03/2022 21:20:00,1.1,10,10
634,05/03/2022 21:30:00,1.1,10,10
635,05/03/2022 21:40:00,1.1,10,10
636,05/03/2022 21:50:00,1.1,10,10
637,05/03/2022 22:00:00,1.1,10,10
638,05/03/2022 22:10:00,1.1,10,10
639,05/03/2022 22:20:00,1.1,10,10
640,05/03/2022 22:30:00,1.1,10,10
641,05/03/2022 22:40:00,1.1,10,10
642,05/03/2022 22:50:00,1.1,10,10
643,05/03/2022 23:00:00,1.1,10,10
644,05/03/2022 23:10:00,1.1,10,10
645,05/03/2022 23:20:00,1.1,10,10
646,05/03/2022 23:30:00,1.1,10,10
647,05/03/2022 23:40:00,1.1,10,10
648,05/03/2022 23:50:00,1.1,10,10
649,06/03/2022 00:00:00,1.1,10,10
650,06/03/2022 00:10:00,1.1,10,10
651,06/03/2022 00:20:00,1.1,10,10
652,06/03/2022 00:30:00,1.1,10,10
653,06/03/2022 00:40:00,1.1,10,10
654,06/03/2022 00:50:00,1.1,10,10
655,06/03/2022 01:00:00,1.1,10,10
656,06/03/2022 01:10:00,1.1,10,10
657,06/03/2022 01:20:00,1.1,10,10
658,06/03/2022 01:30:00,1.1,10,10
659,06/03/2022 01:40:00,1.1,10,10
660,06/03/2022 01:50:00,1.1,10,10
661,06/03/2022 02:00:00,1.1,10,10
662,06/03/2022 02:10:00,1.1,10,10
663,06/03/2022 02:20:00,1.1,10,10
664,06/03/2022 02:30:00,1.1,10,10
665,06/03/2022 02:40:00,1.1,10,10
666,06/03/2022 02:50:00,1.1,10,10
667,06/03/2022 03:00:00,1.1,10,10
668,06/03/2022 03:10:00,1.1,10,10
669,06/03/2022 03:20:00,1.1,10,10
670,06/03/2022 03:30:00,1.1,10,10
671,06/03/2022 03:40:00,1.1,10,10
672,06/03/2022 03:50:00,1.1,10,10
673,06/03/2022 04:00:00,1.1,10,10
674,06/03/2022 04:10:00,1.1,10,10
675,06/03/2022 04:20:00,1.1,10,10
676,06/03/2022 04:30:00,1.1,10,10
677,06/03/2022 04:40:00,1.1,10,10
678,06/03/2022 04:50:00,1.1,10,10
679,06/03/2022 05:00:00,1.1,10,10
680,06/03/2022 05:10:00,1.1,10,10
681,06/03/2022 05:20:00,1.1,10,10
682,06/03/2022 05:30:00,1.1,10,10
683,06/03/2022 05:40:00,1.1,10,10
684,06/03/2022 05:50:00,1.1,10,10
685,06/03/2022 06:00:00,1.1,10,10
686,06/03/2022 06:10:00,1.1,10,10
687,06/03/2022 06:20:00,1.1,10,10
688,06/03/2022 06:30:00,1.1,10,10
689,06/03/2022 06:40:00,1.1,10,10
690,06/03/2022 06:50:00,1.1,10,10
691,06/03/2022 07:00:00,1.1,10,10
692,06/03/2022 07:10:00,1.1,10,10
693,06/03/2022 07:20:00,1.1,10,10
694,06/03/2022 07:30:00,1.1,10,10
695,06/03/2022 07:40:00,1.1,10,10
696,06/03/2022 07:50:00,1.1,10,10
697,06/03/2022 08:00:00,1.1,10,10
698,06/03/2022 08:10:00,1.1,10,10
699,06/03/2022 08:20:00,1.1,10,10
700,06/03/2022 08:30:00,1.1,10,10
701,06/03/2022 08:40:00,1.1,10,10
702,06/03/2022 08:50:00,1.1,10,10
703,06/03/2022 09:00:00,1.1,10,10
704,06/03/2022 09:10:00,1.1,10,10
705,06/03/2022 09:20:00,1.1,10,10
706,06/03/2022 09:30:00,1.1,10,10
707,06/03/2022 09:40:00,1.1,10,10
708,06/03/2022 09:50:00,1.1,10,10
709,06/03/2022 10:00:00,1.1,10,10
710,06/03/2022 10:10:00,1.1,10,10
711,06/03/2022 10:20:00,1.1,10,10
712,06/03/2022 10:30:00,1.1,10,10
713,06/03/2022 10:40:00,1.1,10,10
714,06/03/2022 10:50:00,1.1,10,10
715,06/03/2022 11:00:00,1.1,10,10
716,06/03/2022 11:10:00,1.1,10,10
717,06/03/2022 11:20:00,1.1,10,10
718,06/03/2022 11:30:00,1.1,10,10
719,06/03/2022 11:40:00,1.1,10,10
720,06/03/2022 11:50:00,1.1,10,10
721,06/03/2022 12:00:00,1.1,11,10
722,06/03/2022 12:10:00,1.1,10,10
723,06/03/2022 12:20:00,1.1,10,10
724,06/03/2022 12:30:00,1.1,10,10
725,06/03/2022 12:40:00,1.1,10,10
726,06/03/2022 12:50:00,1.1,10,10
727,06/03/2022 13:00:00,1.1,10,10
728,06/03/2022 13:10:00,1.1,10,10
729,06/03/2022 13:20:00,1.1,10,10
730,06/03/2022 13:30:00,1.1,10,10
731,06/03/2022 13:40:00,1.1,10,10
732,06/03/2022 13:50:00,1.1,11,10
733,06/03/2022 14:00:00,1.1,10,10
734,06/03/2022 14:10:00,1.1,10,10
735,06/03/2022 14:20:00,1.1,10,10
736,06/03/2022 14:30:00,1.1,10,10
737,06/03/2022 14:40:00,1.1,10,10
738,06/03/2022 14:50:00,1.1,10,10
739,06/03/2022 15:00:00,1.1,10,10
740,06/03/2022 15:10:00,1.1,10,10
741,06/03/2022 15:20:00,1.1,10,10
742,06/03/2022 15:30:00,1.1,10,10
743,06/03/2022 15:40:00,1.1,10,10
744,06/03/2022 15:50:00,1.1,10,10
745,06/03/2022 16:00:00,1.1,10,10
746,06/03/2022 16:10:00,1.1,10,10
747,06/03/2022 16:20:00,1.1,10,10
748,06/03/2022 16:30:00,1.1,10,10
749,06/03/2022 16:40:00,1.1,10,10
750,06/03/2022 16:50:00,1.1,10,10
751,06/03/2022 17:00:00,1.1,10,10
752,06/03/2022 17:10:00,1.1,10,10
753,06/03/2022 17:20:00,1.1,10,10
754,06/03/2022 17:30:00,1.1,10,10
755,06/03/2022 17:40:00,1.1,10,10
756,06/03/2022 17:50:00,1.1,10,10
757,06/03/2022 18:00:00,1.1,10,10
758,06/03/2022 18:10:00,1.1,11,10
759,06/03/2022 18:20:00,1.1,10,10
760,06/03/2022 18:30:00,1.1,10,10
761,06/03/2022 18:40:00,1.1,11,10
762,06/03/2022 18:50:00,1.1,10,10
763,06/03/2022 19:00:00,1.1,10,10
764,06/03/2022 19:10:00,1.1,10,10
765,06/03/2022 19:20:00,1.1,10,10
766,06/03/2022 19:30:00,1.1,10,10
767,06/03/2022 19:40:00,1.1,10,10
768,06/03/2022 19:50:00,1.1,10,10
769,06/03/2022 20:00:00,1.1,10,10
770,06/03/2022 20:10:00,1.1,10,10
771,06/03/2022 20:20:00,1.1,10,10
772,06/03/2022 20:30:00,1.1,10,10
773,06/03/2022 20:40:00,1.1,10,10
774,06/03/2022 20:50:00,1.1,10,10
775,06/03/2022 21:00:00,1.1,10,10
776,06/03/2022 21:10:00,1.1,10,10
777,06/03/2022 21:20:00,1.1,10,10
778,06/03/2022 21:30:00,1.1,10,10
779,06/03/2022 21:40:00,1.1,10,10
780,06/03/2022 21:50:00,1.1,10,10
781,06/03/2022 22:00:00,1.1,10,10
782,06/03/2022 22:10:00,1.1,10,10
783,06/03/2022 22:20:00,1.1,10,10
784,06/03/2022 22:30:00,1.1,10,10
785,06/03/2022 22:40:00,1.1,10,10
786,06/03/2022 22:50:00,1.1,10,10
787,06/03/2022 23:00:00,1.1,10,10
788,06/03/2022 23:10:00,1.1,10,10
789,06/03/2022 23:20:00,1.1,10,10
790,06/03/2022 23:30:00,1.1,10,10
791,06/03/2022 23:40:00,1.1,10,10
792,06/03/2022 23:50:00,1.1,10,10
793,07/03/2022 00:00:00,1.1,10,10
794,07/03/2022 00:10:00,1.1,10,10
795,07/03/2022 00:20:00,1.1,10,10
796,07/03/2022 00:30:00,1.1,10,10
797,07/03/2022 00:40:00,1.1,10,10
798,07/03/2022 00:50:00,1.1,10,10
799,07/03/2022 01:00:00,1.1,10,10
800,07/03/2022 01:10:00,1.1,10,10
801,07/03/2022 01:20:00,1.1,10,10
802,07/03/2022 01:30:00,1.1,10,10
803,07/03/2022 01:40:00,1.1,10,10
804,07/03/2022 01:50:00,1.1,10,10
805,07/03/2022 02:00:00,1.1,10,10
806,07/03/2022 02:10:00,1.1,10,10
807,07/03/2022 02:20:00,1.1,10,10
808,07/03/2022 02:30:00,1.1,10,10
809,07/03/2022 02:40:00,1.1,10,10
810,07/03/2022 02:50:00,1.1,10,10
811,07/03/2022 03:00:00,1.1,10,10
812,07/03/2022 03:10:00,1.1,10,10
813,07/03/2022 03:20:00,1.1,10,10
814,07/03/2022 03:30:00,1.1,10,10
815,07/03/2022 03:40:00,1.1,10,10
816,07/03/2022 03:50:00,1.1,10,10
817,07/03/2022 04:00:00,1.1,10,10
818,07/03/2022 04:10:00,1.1,10,10
819,07/03/2022 04:20:00,1.1,10,10
820,07/03/2022 04:30:00,1.1,10,10
821,07/03/2022 04:40:00,1.1,10,10
822,07/03/2022 04:50:00,1.1,10,10
823,07/03/2022 05:00:00,1.1,10,10
824,07/03/2022 05:10:00,1.1,10,10
825,07/03/2022 05:20:00,1.1,10,10
826,07/03/2022 05:30:00,1.1,10,10
827,07/03/2022 05:40:00,1.1,10,10
828,07/03/2022 05:50:00,1.1,10,10
829,07/03/2022 06:00:00,1.1,10,10
830,07/03/2022 06:10:00,1.1,10,10
831,07/03/2022 06:20:00,1.1,10,10
832,07/03/2022 06:30:00,1.1,10,10
833,07/03/2022 06:40:00,1.1,10,10
834,07/03/2022 06:50:00,1.1,10,10
835,07/03/2022 07:00:00,1.1,10,10
836,07/03/2022 07:10:00,1.1,10,10
837,07/03/2022 07:20:00,1.1,10,10
838,07/03/2022 07:30:00,1.1,10,10
839,07/03/2022 07:40:00,1.1,10,10
840,07/03/2022 07:50:00,1.1,10,10
841,07/03/2022 08:00:00,1.1,10,10
842,07/03/2022 08:10:00,1.1,10,10
843,07/03/2022 08:20:00,1.1,10,10
844,07/03/2022 08:30:00,1.1,10,10
845,07/03/2022 08:40:00,1.1,10,10
846,07/03/2022 08:50:00,1.1,10,10
847,07/03/2022 09:00:00,1.1,10,10
848,07/03/2022 09:10:00,1.1,10,10
849,07/03/2022 09:20:00,1.1,10,10
850,07/03/2022 09:30:00,1.1,10,10
851,07/03/2022 09:40:00,1.1,10,10
852,07/03/2022 09:50:00,1.1,10,10
853,07/03/2022 10:00:00,1.1,10,10
854,07/03/2022 10:10:00,1.1,10,10
855,07/03/2022 10:20:00,1.1,10,10
856,07/03/2022 10:30:00,1.1,10,10
857,07/03/2022 10:40:00,1.1,10,10
858,07/03/2022 10:50:00,1.1,10,10
859,07/03/2022 11:00:00,1.1,10,10
860,07/03/2022 11:10:00,1.1,10,10
861,07/03/2022 11:20:00,1.1,10,10
862,07/03/2022 11:30:00,1.1,10,10
863,07/03/2022 11:40:00,1.1,10,10
864,07/03/2022 11:50:00,1.1,10,10
865,07/03/2022 12:00:00,1.1,11,11
866,07/03/2022 12:10:00,1.1,11,11
867,07/03/2022 12:20:00,1.1,11,11
868,07/03/2022 12:30:00,1.1,10,10
869,07/03/2022 12:40:00,1.1,10,10
870,07/03/2022 12:50:00,1.1,10,10
871,07/03/2022 13:00:00,1.1,10,10
872,07/03/2022 13:10:00,1.1,10,10
873,07/03/2022 13:20:00,1.1,10,10
874,07/03/2022 13:30:00,1.1,10,10
875,07/03/2022 13:40:00,1.1,10,10
876,07/03/2022 13:50:00,1.1,10,10
877,07/03/2022 14:00:00,1.1,10,10
878,07/03/2022 14:10:00,1.1,10,10
879,07/03/2022 14:20:00,1.1,10,10
880,07/03/2022 14:30:00,1.1,10,10
881,07/03/2022 14:40:00,1.1,10,10
882,07/03/2022 14:50:00,1.1,10,10
883,07/03/2022 15:00:00,1.1,10,10
884,07/03/2022 15:10:00,1.1,10,10
885,07/03/2022 15:20:00,1.1,10,10
886,07/03/2022 15:30:00,1.1,10,10
887,07/03/2022 15:40:00,1.1,10,10
888,07/03/2022 15:50:00,1.1,10,10
889,07/03/2022 16:00:00,1.1,10,10
890,07/03/2022 16:10:00,1.1,10,10
891,07/03/2022 16:20:00,1.1,10,10
892,07/03/2022 16:30:00,1.1,10,10
893,07/03/2022 16:40:00,1.1,10,10
894,07/03/2022 16:50:00,1.1,10,10
895,07/03/2022 17:00:00,1.1,10,10
896,07/03/2022 17:10:00,1.1,10,10
897,07/03/2022 17:20:00,1.1,10,10
898,07/03/2022 17:30:00,1.1,10,10
899,07/03/2022 17:40:00,1.1,10,10
900,07/03/2022 17:50:00,1.1,10,10
901,07/03/2022 18:00:00,1.1,10,10
902,07/03/2022 18:10:00,1.1,10,10
903,07/03/2022 18:20:00,1.1,10,10
904,07/03/2022 18:30:00,1.1,10,10
905,07/03/2022 18:40:00,1.1,10,10
906,07/03/2022 18:50:00,1.1,10,10
907,07/03/2022 19:00:00,1.1,10,10
908,07/03/2022 19:10:00,1.1,10,10
909,07/03/2022 19:20:00,1.1,10,10
910,07/03/2022 19:30:00,1.1,10,10
911,07/03/2022 19:40:00,1.1,10,10
912,07/03/2022 19:50:00,1.1,10,10
913,07/03/2022 20:00:00,1.1,10,10
914,07/03/2022 20:10:00,1.1,10,10
915,07/03/2022 20:20:00,1.1,10,10
916,07/03/2022 20:30:00,1.1,10,10
917,07/03/2022 20:40:00,1.1,10,10
918,07/03/2022 20:50:00,1.1,10,10
919,07/03/2022 21:00:00,1.1,10,10
920,07/03/2022 21:10:00,1.1,10,10
921,07/03/2022 21:20:00,1.1,10,10
922,07/03/2022 21:30:00,1.1,10,10
923,07/03/2022 21:40:00,1.1,10,10
924,07/03/2022 21:50:00,1.1,10,10
925,07/03/2022 22:00:00,1.1,10,10
926,07/03/2022 22:10:00,1.1,10,10
927,07/03/2022 22:20:00,1.1,10,10
928,07/03/2022 22:30:00,1.1,10,10
929,07/03/2022 22:40:00,1.1,10,10
930,07/03/2022 22:50:00,1.1,10,10
931,07/03/2022 23:00:00,1.1,10,10
932,07/03/2022 23:10:00,1.1,10,10
933,07/03/2022 23:20:00,1.1,10,10
934,07/03/2022 23:30:00,1.1,10,10
935,07/03/2022 23:40:00,1.1,10,10
936,07/03/2022 23:50:00,1.1,10,10
937,08/03/2022 00:00:00,1.1,10,10
938,08/03/2022 00:10:00,1.1,10,10
939,08/03/2022 00:20:00,1.1,10,10
940,08/03/2022 00:30:00,1.1,10,10
941,08/03/2022 00:40:00,1.1,10,10
942,08/03/2022 00:50:00,1.1,10,10
943,08/03/2022 01:00:00,1.1,10,10
944,08/03/2022 01:10:00,1.1,10,10
945,08/03/2022 01:20:00,1.1,10,10
946,08/03/2022 01:30:00,1.1,10,10
947,08/03/2022 01:40:00,1.1,10,10
948,08/03/2022 01:50:00,1.1,10,10
949,08/03/2022 02:00:00,1.1,10,10
950,08/03/2022 02:10:00,1.1,10,10
951,08/03/2022 02:20:00,1.1,10,10
952,08/03/2022 02:30:00,1.1,10,10
953,08/03/2022 02:40:00,1.1,10,10
954,08/03/2022 02:50:00,1.1,10,10
955,08/03/2022 03:00:00,1.1,10,10
956,08/03/2022 03:10:00,1.1,10,10
957,08/03/2022 03:20:00,1.1,10,10
958,08/03/2022 03:30:00,1.1,10,10
959,08/03/2022 03:40:00,1.1,10,10
960,08/03/2022 03:50:00,1.1,10,10
961,08/03/2022 04:00:00,1.1,10,10
962,08/03/2022 04:10:00,1.1,10,10
963,08/03/2022 04:20:00,1.1,10,10
964,08/03/2022 04:30:00,1.1,10,10
965,08/03/2022 04:40:00,1.1,10,10
966,08/03/2022 04:50:00,1.1,10,10
967,08/03/2022 05:00:00,1.1,10,10
968,08/03/2022 05:10:00,1.1,10,10
969,08/03/2022 05:20:00,1.1,10,10
970,08/03/2022 05:30:00,1.1,10,10
971,08/03/2022 05:40:00,1.1,10,10
972,08/03/2022 05:50:00,1.1,10,10
973,08/03/2022 06:00:00,1.1,10,10
974,08/03/2022 06:10:00,1.1,10,10
975,08/03/2022 06:20:00,1.1,10,10
976,08/03/2022 06:30:00,1.1,10,10
977,08/03/2022 06:40:00,1.1,10,10
978,08/03/2022 06:50:00,1.1,10,10
979,08/03/2022 07:00:00,1.1,10,10
980,08/03/2022 07:10:00,1.1,10,10
981,08/03/2022 07:20:00,1.1,10,10
982,08/03/2022 07:30:00,1.1,10,10
983,08/03/2022 07:40:00,1.1,10,10
984,08/03/2022 07:50:00,1.1,10,10
985,08/03/2022 08:00:00,1.1,10,10
986,08/03/2022 08:10:00,1.1,10,10
987,08/03/2022 08:20:00,1.1,10,10
988,08/03/2022 08:30:00,1.1,10,10
989,08/03/2022 08:40:00,1.1,10,10
990,08/03/2022 08:50:00,1.1,10,10
991,08/03/2022 09:00:00,1.1,10,10
992,08/03/2022 09:10:00,1.1,10,10
993,08/03/2022 09:20:00,1.1,10,10
994,08/03/2022 09:30:00,1.1,10,10
995,08/03/2022 09:40:00,1.1,10,10
996,08/03/2022 09:50:00,1.1,10,10
997,08/03/2022 10:00:00,1.1,10,10
998,08/03/2022 10:10:00,1.1,10,10
999,08/03/2022 10:20:00,1.1,10,10
1000,08/03/2022 10:30:00,1.1,10,10
1001,08/03/2022 10:40:00,1.1,10,10
1002,08/03/2022 10:50:00,1.1,10,10
1003,08/03/2022 11:00:00,1.1,10,10
1004,08/03/2022 11:10:00,1.1,10,10
1005,08/03/2022 11:20:00,1.1,10,10
1006,08/03/2022 11:30:00,1.1,10,10
1007,08/03/2022 11:40:00,1.1,10,10
1008,08/03/2022 11:50:00,1.1,10,10
1009,08/03/2022 12:00:00,1.1,10,10
1010,08/03/2022 12:10:00,1.1,10,10
1011,08/03/2022 12:20:00,1.1,10,10
1012,08/03/2022 12:30:00,1.1,10,10
1013,08/03/2022 12:40:00,1.1,10,10
1014,08/03/2022 12:50:00,1.1,10,10
1015,08/03/2022 13:00:00,1.1,10,10
1016,08/03/2022 13:10:00,1.1,10,10
1017,08/03/2022 13:20:00,1.1,10,10
1018,08/03/2022 13:30:00,1.1,10,10
1019,08/03/2022 13:40:00,1.1,10,10
1020,08/03/2022 13:50:00,1.1,10,10
1021,08/03/2022 14:00:00,1.1,10,10
1022,08/03/2022 14:10:00,1.1,10,10
1023,08/03/2022 14:20:00,1.1,10,10
1024,08/03/2022 14:30:00,1.1,10,10
1025,08/03/2022 14:40:00,1.1,10,10
1026,08/03/2022 14:50:00,1.1,10,10
1027,08/03/2022 15:00:00,1.1,10,10
1028,08/03/2022 15:10:00,1.1,10,10
1029,08/03/2022 15:20:00,1.1,10,10
1030,08/03/2022 15:30:00,1.1,10,10
1031,08/03/2022 15:40:00,1.1,10,10
1032,08/03/2022 15:50:00,1.1,10,10
1033,08/03/2022 16:00:00,1.1,10,10
1034,08/03/2022 16:10:00,1.1,10,10
1035,08/03/2022 16:20:00,1.1,10,10
1036,08/03/2022 16:30:00,1.1,10,10
1037,08/03/2022 16:40:00,1.1,10,10
1038,08/03/2022 16:50:00,1.1,10,10
1039,08/03/2022 17:00:00,1.1,10,10
1040,08/03/2022 17:10:00,1.1,10,10
1041,08/03/2022 17:20:00,1.1,10,10
1042,08/03/2022 17:30:00,1.1,10,10
1043,08/03/2022 17:40:00,1.1,10,10
1044,08/03/2022 17:50:00,1.1,10,10
1045,08/03/2022 18:00:00,1.1,10,10
1046,08/03/2022 18:10:00,1.1,10,10
1047,08/03/2022 18:20:00,1.1,10,10
1048,08/03/2022 18:30:00,1.1,10,10
1049,08/03/2022 18:40:00,1.1,10,10
1050,08/03/2022 18:50:00,1.1,10,10
1051,08/03/2022 19:00:00,1.1,10,10
1052,08/03/2022 19:10:00,1.1,10,10
1053,08/03/2022 19:20:00,1.1,10,10
1054,08/03/2022 19:30:00,1.1,10,10
1055,08/03/2022 19:40:00,1.1,10,10
1056,08/03/2022 19:50:00,1.1,10,10
1057,08/03/2022 20:00:00,1.1,10,10
1058,08/03/2022 20:10:00,1.1,10,10
1059,08/03/2022 20:20:00,1.1,10,10
1060,08/03/2022 20:30:00,1.1,10,10
1061,08/03/2022 20:40:00,1.1,10,10
1062,08/03/2022 20:50:00,1.1,10,10
1063,08/03/2022 21:00:00,1.1,10,10
1064,08/03/2022 21:10:00,1.1,10,10
1065,08/03/2022 21:20:00,1.1,10,10
1066,08/03/2022 21:30:00,1.1,10,10
1067,08/03/2022 21:40:00,1.1,10,10
1068,08/03/2022 21:50:00,1.1,10,10
1069,08/03/2022 22:00:00,1.1,10,10
1070,08/03/2022 22:10:00,1.1,10,10
1071,08/03/2022 22:20:00,1.1,10,10
1072,08/03/2022 22:30:00,1.1,10,10
1073,08/03/2022 22:40:00,1.1,10,10
1074,08/03/2022 22:50:00,1.1,10,10
1075,08/03/2022 23:00:00,1.1,10,10
1076,08/03/2022 23:10:00,1.1,10,10
1077,08/03/2022 23:20:00,1.1,10,10
1078,08/03/2022 23:30:00,1.1,10,10
1079,08/03/2022 23:40:00,1.1,10,10
1080,08/03/2022 23:50:00,1.1,10,10
1081,09/03/2022 00:00:00,1.1,10,10
1082,09/03/2022 00:10:00,1.1,10,10
1083,09/03/2022 00:20:00,1.1,10,10
1084,09/03/2022 00:30:00,1.1,10,10
1085,09/03/2022 00:40:00,1.1,10,10
1086,09/03/2022 00:50:00,1.1,10,10
1087,09/03/2022 01:00:00,1.1,10,10
1088,09/03/2022 01:10:00,1.1,10,10
1089,09/03/2022 01:20:00,1.1,10,10
1090,09/03/2022 01:30:00,1.1,10,10
1091,09/03/2022 01:40:00,1.1,10,10
1092,09/03/2022 01:50:00,1.1,10,10
1093,09/03/2022 02:00:00,1.1,10,10
1094,09/03/2022 02:10:00,1.1,10,10
1095,09/03/2022 02:20:00,1.1,10,10
1096,09/03/2022 02:30:00,1.1,10,10
1097,09/03/2022 02:40:00,1.1,10,10
1098,09/03/2022 02:50:00,1.1,10,10
1099,09/03/2022 03:00:00,1.1,10,10
1100,09/03/2022 03:10:00,1.1,10,10
1101,09/03/2022 03:20:00,1.1,10,10
1102,09/03/2022 03:30:00,1.1,10,10
1103,09/03/2022 03:40:00,1.1,10,10
1104,09/03/2022 03:50:00,1.1,10,10
1105,09/03/2022 04:00:00,1.1,10,10
1106,09/03/2022 04:10:00,1.1,10,10
1107,09/03/2022 04:20:00,1.1,10,10
1108,09/03/2022 04:30:00,1.1,10,10
1109,09/03/2022 04:40:00,1.1,10,10
1110,09/03/2022 04:50:00,1.1,10,10
1111,09/03/2022 05:00:00,1.1,9,10
1112,09/03/2022 05:10:00,1.1,10,10
1113,09/03/2022 05:20:00,1.1,10,10
1114,09/03/2022 05:30:00,1.1,10,10
1115,09/03/2022 05:40:00,1.1,10,10
1116,09/03/2022 05:50:00,1.1,10,10
1117,09/03/2022 06:00:00,1.1,10,10
1118,09/03/2022 06:10:00,1.1,10,10
1119,09/03/2022 06:20:00,1.1,10,10
1120,09/03/2022 06:30:00,1.1,10,10
1121,09/03/2022 06:40:00,1.1,10,10
1122,09/03/2022 06:50:00,1.1,10,10
1123,09/03/2022 07:00:00,1.1,10,10
1124,09/03/2022 07:10:00,1.1,10,10
1125,09/03/2022 07:20:00,1.1,10,10
1126,09/03/2022 07:30:00,1.1,10,10
1127,09/03/2022 07:40:00,1.1,10,10
1128,09/03/2022 07:50:00,1.1,10,10
1129,09/03/2022 08:00:00,1.1,10,10
1130,09/03/2022 08:10:00,1.1,10,10
1131,09/03/2022 08:20:00,1.1,10,10
1132,09/03/2022 08:30:00,1.1,10,10
1133,09/03/2022 08:40:00,1.1,10,10
1134,09/03/2022 08:50:00,1.1,10,10
1135,09/03/2022 09:00:00,1.1,10,10
1136,09/03/2022 09:10:00,1.1,10,10
1137,09/03/2022 09:20:00,1.1,9,10
1138,09/03/2022 09:30:00,1.1,10,10
1139,09/03/2022 09:40:00,1.1,10,10
1140,09/03/2022 09:50:00,1.1,10,10
1141,09/03/2022 10:00:00,1.1,10,10
1142,09/03/2022 10:10:00,1.1,10,10
1143,09/03/2022 10:20:00,1.1,10,10
1144,09/03/2022 10:30:00,1.1,9,10
1145,09/03/2022 10:40:00,1.1,10,10
1146,09/03/2022 10:50:00,1.1,10,10
1147,09/03/2022 11:00:00,1.1,10,10
1148,09/03/2022 11:10:00,1.1,10,10
1149,09/03/2022 11:20:00,1.1,10,10
1150,09/03/2022 11:30:00,1.1,9,10
1151,09/03/2022 11:40:00,1.1,10,10
1152,09/03/2022 11:50:00,1.1,10,10
1153,09/03/2022 12:00:00,1.1,10,10
1154,09/03/2022 12:10:00,1.1,10,10
1155,09/03/2022 12:20:00,1.1,10,10
1156,09/03/2022 12:30:00,1.1,10,10
1157,09/03/2022 12:40:00,1.1,10,10
1158,09/03/2022 12:50:00,1.1,10,10
1159,09/03/2022 13:00:00,1.1,10,10
1160,09/03/2022 13:10:00,1.1,9,10
1161,09/03/2022 13:20:00,1.1,10,10
1162,09/03/2022 13:30:00,1.1,10,10
1163,09/03/2022 13:40:00,1.1,10,10
1164,09/03/2022 13:50:00,1.1,10,10
1165,09/03/2022 14:00:00,1.1,10,10
1166,09/03/2022 14:10:00,1.1,10,10
1167,09/03/2022 14:20:00,1.1,10,10
1168,09/03/2022 14:30:00,1.1,10,10
1169,09/03/2022 14:40:00,1.1,10,10
1170,09/03/2022 14:50:00,1.1,10,10
1171,09/03/2022 15:00:00,1.1,10,10
1172,09/03/2022 15:10:00,1.1,10,10
1173,09/03/2022 15:20:00,1.1,10,10
1174,09/03/2022 15:30:00,1.1,10,10
1175,09/03/2022 15:40:00,1.1,9,10
1176,09/03/2022 15:50:00,1.1,10,10
1177,09/03/2022 16:00:00,1.1,10,10
1178,09/03/2022 16:10:00,1.1,10,10
1179,09/03/2022 16:20:00,1.1,10,10
1180,09/03/2022 16:30:00,1.1,10,10
1181,09/03/2022 16:40:00,1.1,10,10
1182,09/03/2022 16:50:00,1.1,10,10
1183,09/03/2022 17:00:00,1.1,10,10
1184,09/03/2022 17:10:00,1.1,10,10
1185,09/03/2022 17:20:00,1.1,10,10
1186,09/03/2022 17:30:00,1.1,10,10
1187,09/03/2022 17:40:00,1.1,9,10
1188,09/03/2022 17:50:00,1.1,10,10
1189,09/03/2022 18:00:00,1.1,10,9
1190,09/03/2022 18:10:00,1.1,10,10
1191,09/03/2022 18:20:00,1.1,9,10
1192,09/03/2022 18:30:00,1.1,10,10
1193,09/03/2022 18:40:00,1.1,10,10
1194,09/03/2022 18:50:00,1.1,10,10
1195,09/03/2022 19:00:00,1.1,10,10
1196,09/03/2022 19:10:00,1.1,10,10
1197,09/03/2022 19:20:00,1.1,10,10
1198,09/03/2022 19:30:00,1.1,10,10
1199,09/03/2022 19:40:00,1.1,10,10
1200,09/03/2022 19:50:00,1.1,10,10
1201,09/03/2022 20:00:00,1.1,10,10
1202,09/03/2022 20:10:00,1.1,10,10
1203,09/03/2022 20:20:00,1.1,10,10
1204,09/03/2022 20:30:00,1.1,10,10
1205,09/03/2022 20:40:00,1.1,10,10
1206,09/03/2022 20:50:00,1.1,10,10
1207,09/03/2022 21:00:00,1.1,9,10
1208,09/03/2022 21:10:00,1.1,10,10
1209,09/03/2022 21:20:00,1.1,10,10
1210,09/03/2022 21:30:00,1.1,9,10
1211,09/03/2022 21:40:00,1.1,10,10
1212,09/03/2022 21:50:00,1.1,10,10
1213,09/03/2022 22:00:00,1.1,10,10
1214,09/03/2022 22:10:00,1.1,10,10
1215,09/03/2022 22:20:00,1.1,9,10
1216,09/03/2022 22:30:00,1.1,10,10
1217,09/03/2022 22:40:00,1.1,10,10
1218,09/03/2022 22:50:00,1.1,10,10
1219,09/03/2022 23:00:00,1.1,10,10
1220,09/03/2022 23:10:00,1.1,10,10
1221,09/03/2022 23:20:00,1.1,10,10
1222,09/03/2022 23:30:00,1.1,10,10
1223,09/03/2022 23:40:00,1.1,10,10
1224,09/03/2022 23:50:00,1.1,10,10
1225,10/03/2022 00:00:00,1.1,10,10
1226,10/03/2022 00:10:00,1.1,10,10
1227,10/03/2022 00:20:00,1.1,10,10
1228,10/03/2022 00:30:00,1.1,10,10
1229,10/03/2022 00:40:00,1.1,10,10
1230,10/03/2022 00:50:00,1.1,10,10
1231,10/03/2022 01:00:00,1.1,10,10
1232,10/03/2022 01:10:00,1.1,10,10
1233,10/03/2022 01:20:00,1.1,10,10
1234,10/03/2022 01:30:00,1.1,10,10
1235,10/03/2022 01:40:00,1.1,10,10
1236,10/03/2022 01:50:00,1.1,10,10
1237,10/03/2022 02:00:00,1.1,10,10
1238,10/03/2022 02:10:00,1.1,10,10
1239,10/03/2022 02:20:00,1.1,10,10
1240,10/03/2022 02:30:00,1.1,10,10
1241,10/03/2022 02:40:00,1.1,10,10
1242,10/03/2022 02:50:00,1.1,10,10
1243,10/03/2022 03:00:00,1.1,10,10
1244,10/03/2022 03:10:00,1.1,9,10
1245,10/03/2022 03:20:00,1.1,10,10
1246,10/03/2022 03:30:00,1.1,10,10
1247,10/03/2022 03:40:00,1.1,10,10
1248,10/03/2022 03:50:00,1.1,10,10
1249,10/03/2022 04:00:00,1.1,10,10
1250,10/03/2022 04:10:00,1.1,10,10
1251,10/03/2022 04:20:00,1.1,10,10
1252,10/03/2022 04:30:00,1.1,9,10
1253,10/03/2022 04:40:00,1.1,10,10
1254,10/03/2022 04:50:00,1.1,9,10
1255,10/03/2022 05:00:00,1.1,9,10
1256,10/03/2022 05:10:00,1.1,10,10
1257,10/03/2022 05:20:00,1.1,10,10
1258,10/03/2022 05:30:00,1.1,10,10
1259,10/03/2022 05:40:00,1.1,10,10
1260,10/03/2022 05:50:00,1.1,9,10
1261,10/03/2022 06:00:00,1.1,10,10
1262,10/03/2022 06:10:00,1.1,10,10
1263,10/03/2022 06:20:00,1.1,10,10
1264,10/03/2022 06:30:00,1.1,9,10
1265,10/03/2022 06:40:00,1.1,9,9
1266,10/03/2022 06:50:00,1.1,9,9
1267,10/03/2022 07:00:00,1.1,9,10
1268,10/03/2022 07:10:00,1.1,10,10
1269,10/03/2022 07:20:00,1.1,10,10
1270,10/03/2022 07:30:00,1.1,10,10
1271,10/03/2022 07:40:00,1.1,9,9
1272,10/03/2022 07:50:00,1.1,10,10
1273,10/03/2022 08:00:00,1.1,10,10
1274,10/03/2022 08:10:00,1.1,9,10
1275,10/03/2022 08:20:00,1.1,9,10
1276,10/03/2022 08:30:00,1.1,10,10
1277,10/03/2022 08:40:00,1.1,10,10
1278,10/03/2022 08:50:00,1.1,10,10
1279,10/03/2022 09:00:00,1.1,10,10
1280,10/03/2022 09:10:00,1.1,9,10
1281,10/03/2022 09:20:00,1.1,10,10
1282,10/03/2022 09:30:00,1.1,10,10
1283,10/03/2022 09:40:00,1.1,9,10
1284,10/03/2022 09:50:00,1.1,9,10
1285,10/03/2022 10:00:00,1.1,9,10
1286,10/03/2022 10:10:00,1.1,9,9
1287,10/03/2022 10:20:00,1.1,9,10
1288,10/03/2022 10:30:00,1.1,10,10
1289,10/03/2022 10:40:00,1.1,10,9
1290,10/03/2022 10:50:00,1.1,10,10
1291,10/03/2022 11:00:00,1.1,9,10
1292,10/03/2022 11:10:00,1.1,10,10
1293,10/03/2022 11:20:00,1.1,9,10
1294,10/03/2022 11:30:00,1.1,9,9
1295,10/03/2022 11:40:00,1.1,9,9
1296,10/03/2022 11:50:00,1.1,9,10
1297,10/03/2022 12:00:00,1.1,10,10
1298,10/03/2022 12:10:00,1.1,9,10
1299,10/03/2022 12:20:00,1.1,9,10
1300,10/03/2022 12:30:00,1.1,9,9
1301,10/03/2022 12:40:00,1.1,9,9
1302,10/03/2022 12:50:00,1.1,9,9
1303,10/03/2022 13:00:00,1.1,10,10
1304,10/03/2022 13:10:00,1.1,9,10
1305,10/03/2022 13:20:00,1.1,9,10
1306,10/03/2022 13:30:00,1.1,10,10
1307,10/03/2022 13:40:00,1.1,10,10
1308,10/03/2022 13:50:00,1.1,10,10
1309,10/03/2022 14:00:00,1.1,10,10
1310,10/03/2022 14:10:00,1.1,9,10
1311,10/03/2022 14:20:00,1.1,10,10
1312,10/03/2022 14:30:00,1.1,10,10
1313,10/03/2022 14:40:00,1.1,10,10
1314,10/03/2022 14:50:00,1.1,9,10
1315,10/03/2022 15:00:00,1.1,10,10
1316,10/03/2022 15:10:00,1.1,10,10
1317,10/03/2022 15:20:00,1.1,10,10
1318,10/03/2022 15:30:00,1.1,10,10
1319,10/03/2022 15:40:00,1.1,9,10
1320,10/03/2022 15:50:00,1.1,10,10
1321,10/03/2022 16:00:00,1.1,9,10
1322,10/03/2022 16:10:00,1.1,9,10
1323,10/03/2022 16:20:00,1.1,9,10
1324,10/03/2022 16:30:00,1.1,9,9
1325,10/03/2022 16:40:00,1.1,9,9
1326,10/03/2022 16:50:00,1.1,9,9
1327,10/03/2022 17:00:00,1.1,9,9
1328,10/03/2022 17:10:00,1.1,9,9
1329,10/03/2022 17:20:00,1.1,9,9
1330,10/03/2022 17:30:00,1.1,10,10
1331,10/03/2022 17:40:00,1.1,10,10
1332,10/03/2022 17:50:00,1.1,10,10
1333,10/03/2022 18:00:00,1.1,9,10
1334,10/03/2022 18:10:00,1.1,10,10
1335,10/03/2022 18:20:00,1.1,9,10
1336,10/03/2022 18:30:00,1.1,9,9
1337,10/03/2022 18:40:00,1.1,9,9
1338,10/03/2022 18:50:00,1.1,9,9
1339,10/03/2022 19:00:00,1.1,9,9
1340,10/03/2022 19:10:00,1.1,9,10
1341,10/03/2022 19:20:00,1.1,9,9
1342,10/03/2022 19:30:00,1.1,9,9
1343,10/03/2022 19:40:00,1.1,9,9
1344,10/03/2022 19:50:00,1.1,9,9
1345,10/03/2022 20:00:00,1.1,9,9
1346,10/03/2022 20:10:00,1.1,9,9
1347,10/03/2022 20:20:00,1.1,9,9
1348,10/03/2022 20:30:00,1.1,9,9
1349,10/03/2022 20:40:00,1.1,9,9
1350,10/03/2022 20:50:00,1.1,9,9
1351,10/03/2022 21:00:00,1.1,9,9
1352,10/03/2022 21:10:00,1.1,9,9
1353,10/03/2022 21:20:00,1.1,9,9
1354,10/03/2022 21:30:00,1.1,9,9
1355,10/03/2022 21:40:00,1.1,9,9
1356,10/03/2022 21:50:00,1.1,10,9
1357,10/03/2022 22:00:00,1.1,9,9
1358,10/03/2022 22:10:00,1.1,9,9
1359,10/03/2022 22:20:00,1.1,9,9
1360,10/03/2022 22:30:00,1.1,9,9
1361,10/03/2022 22:40:00,1.1,9,9
1362,10/03/2022 22:50:00,1.1,9,9
1363,10/03/2022 23:00:00,1.1,10,9
1364,10/03/2022 23:10:00,1.1,9,10
1365,10/03/2022 23:20:00,1.1,10,10
1366,10/03/2022 23:30:00,1.1,9,10
1367,10/03/2022 23:40:00,1.1,10,10
1368,10/03/2022 23:50:00,1.1,9,10
1369,11/03/2022 00:00:00,1.1,10,10
1370,11/03/2022 00:10:00,1.1,10,10
1371,11/03/2022 00:20:00,1.1,10,10
1372,11/03/2022 00:30:00,1.1,10,10
1373,11/03/2022 00:40:00,1.1,10,10
1374,11/03/2022 00:50:00,1.1,10,10
1375,11/03/2022 01:00:00,1.1,10,10
1376,11/03/2022 01:10:00,1.1,10,10
1377,11/03/2022 01:20:00,1.1,10,10
1378,11/03/2022 01:30:00,1.1,9,10
1379,11/03/2022 01:40:00,1.1,9,10
1380,11/03/2022 01:50:00,1.1,10,10
1381,11/03/2022 02:00:00,1.1,10,10
1382,11/03/2022 02:10:00,1.1,10,10
1383,11/03/2022 02:20:00,1.1,10,10
1384,11/03/2022 02:30:00,1.1,10,10
1385,11/03/2022 02:40:00,1.1,10,10
1386,11/03/2022 02:50:00,1.1,10,10
1387,11/03/2022 03:00:00,1.1,10,10
1388,11/03/2022 03:10:00,1.1,10,10
1389,11/03/2022 03:20:00,1.1,9,10
1390,11/03/2022 03:30:00,1.1,10,10
1391,11/03/2022 03:40:00,1.1,10,10
1392,11/03/2022 03:50:00,1.1,9,10
1393,11/03/2022 04:00:00,1.1,10,9
1394,11/03/2022 04:10:00,1.1,9,10
1395,11/03/2022 04:20:00,1.1,9,10
1396,11/03/2022 04:30:00,1.1,10,10
1397,11/03/2022 04:40:00,1.1,9,10
1398,11/03/2022 04:50:00,1.1,9,10
1399,11/03/2022 05:00:00,1.1,9,10
1400,11/03/2022 05:10:00,1.1,9,10
1401,11/03/2022 05:20:00,1.1,9,10
1402,11/03/2022 05:30:00,1.1,9,10
1403,11/03/2022 05:40:00,1.1,9,10
1404,11/03/2022 05:50:00,1.1,9,9
1405,11/03/2022 06:00:00,1.1,9,9
1406,11/03/2022 06:10:00,1.1,10,10
1407,11/03/2022 06:20:00,1.1,10,10
1408,11/03/2022 06:30:00,1.1,9,10
1409,11/03/2022 06:40:00,1.1,9,10
1410,11/03/2022 06:50:00,1.1,9,9
1411,11/03/2022 07:00:00,1.1,9,9
1412,11/03/2022 07:10:00,1.1,9,9
1413,11/03/2022 07:20:00,1.1,9,9
1414,11/03/2022 07:30:00,1.1,9,9
1415,11/03/2022 07:40:00,1.1,9,9
1416,11/03/2022 07:50:00,1.1,9,9
1417,11/03/2022 08:00:00,1.1,9,9
1418,11/03/2022 08:10:00,1.1,9,9
1419,11/03/2022 08:20:00,1.1,9,9
1420,11/03/2022 08:30:00,1.1,9,9
1421,11/03/2022 08:40:00,1.1,9,9
1422,11/03/2022 08:50:00,1.1,9,9
1423,11/03/2022 09:00:00,1.1,9,9
1424,11/03/2022 09:10:00,1.1,9,9
1425,11/03/2022 09:20:00,1.1,9,9
1426,11/03/2022 09:30:00,1.1,9,9
1427,11/03/2022 09:40:00,1.1,9,9
1428,11/03/2022 09:50:00,1.1,9,9
1429,11/03/2022 10:00:00,1.1,9,9
1430,11/03/2022 10:10:00,1.1,9,9
1431,11/03/2022 10:20:00,1.1,9,9
1432,11/03/2022 10:30:00,1.1,9,9
1433,11/03/2022 10:40:00,1.1,9,9
1434,11/03/2022 10:50:00,1.1,9,9
1435,11/03/2022 11:00:00,1.1,9,9
1436,11/03/2022 11:10:00,1.1,9,9
1437,11/03/2022 11:20:00,1.1,9,9
1438,11/03/2022 11:30:00,1.1,9,9
1439,11/03/2022 11:40:00,1.1,9,9
1440,11/03/2022 11:50:00,1.1,9,9
1441,11/03/2022 12:00:00,1.1,9,9
1442,11/03/2022 12:10:00,1.1,9,9
1443,11/03/2022 12:20:00,1.1,9,9
1444,11/03/2022 12:30:00,1.1,9,9
1445,11/03/2022 12:40:00,1.1,9,9
1446,11/03/2022 12:50:00,1.1,9,9
1447,11/03/2022 13:00:00,1.1,9,9
1448,11/03/2022 13:10:00,1.1,9,9
1449,11/03/2022 13:20:00,1.1,9,9
1450,11/03/2022 13:30:00,1.1,9,9
1451,11/03/2022 13:40:00,1.1,9,9
1452,11/03/2022 13:50:00,1.1,9,9
1453,11/03/2022 14:00:00,1.1,9,9
1454,11/03/2022 14:10:00,1.1,9,9
1455,11/03/2022 14:20:00,1.1,9,9
1456,11/03/2022 14:30:00,1.1,9,9
1457,11/03/2022 14:40:00,1.1,9,9
1458,11/03/2022 14:50:00,1.1,9,9
1459,11/03/2022 15:00:00,1.1,9,9
1460,11/03/2022 15:10:00,1.1,9,9
1461,11/03/2022 15:20:00,1.1,9,9
1462,11/03/2022 15:30:00,1.1,9,9
1463,11/03/2022 15:40:00,1.1,9,9
1464,11/03/2022 15:50:00,1.1,9,9
1465,11/03/2022 16:00:00,1.1,9,9
1466,11/03/2022 16:10:00,1.1,9,9
1467,11/03/2022 16:20:00,1.1,9,9
1468,11/03/2022 16:30:00,1.1,9,9
1469,11/03/2022 16:40:00,1.1,9,9
1470,11/03/2022 16:50:00,1.1,9,9
1471,11/03/2022 17:00:00,1.1,9,9
1472,11/03/2022 17:10:00,1.1,9,9
1473,11/03/2022 17:20:00,1.1,9,9
1474,11/03/2022 17:30:00,1.1,9,9
1475,11/03/2022 17:40:00,1.1,9,9
1476,11/03/2022 17:50:00,1.1,9,9
1477,11/03/2022 18:00:00,1.1,9,9
1478,11/03/2022 18:10:00,1.1,9,9
1479,11/03/2022 18:20:00,1.1,9,9
1480,11/03/2022 18:30:00,1.1,9,9
1481,11/03/2022 18:40:00,1.1,9,9
1482,11/03/2022 18:50:00,1.1,9,9
1483,11/03/2022 19:00:00,1.1,9,9
1484,11/03/2022 19:10:00,1.1,9,9
1485,11/03/2022 19:20:00,1.1,9,9
1486,11/03/2022 19:30:00,1.1,9,9
1487,11/03/2022 19:40:00,1.1,9,9
1488,11/03/2022 19:50:00,1.1,9,9
1489,11/03/2022 20:00:00,1.1,9,9
1490,11/03/2022 20:10:00,1.1,9,9
1491,11/03/2022 20:20:00,1.1,9,9
1492,11/03/2022 20:30:00,1.1,9,9
1493,11/03/2022 20:40:00,1.1,9,9
1494,11/03/2022 20:50:00,1.1,9,9
1495,11/03/2022 21:00:00,1.1,9,9
1496,11/03/2022 21:10:00,1.1,9,9
1497,11/03/2022 21:20:00,1.1,9,9
1498,11/03/2022 21:30:00,1.1,9,9
1499,11/03/2022 21:40:00,1.1,9,9
1500,11/03/2022 21:50:00,1.1,9,9
1501,11/03/2022 22:00:00,1.1,9,9
1502,11/03/2022 22:10:00,1.1,9,9
1503,11/03/2022 22:20:00,1.1,9,9
1504,11/03/2022 22:30:00,1.1,9,9
1505,11/03/2022 22:40:00,1.1,9,9
1506,11/03/2022 22:50:00,1.1,9,9
1507,11/03/2022 23:00:00,1.1,9,9
1508,11/03/2022 23:10:00,1.1,9,9
1509,11/03/2022 23:20:00,1.1,9,9
1510,11/03/2022 23:30:00,1.1,9,9
1511,11/03/2022 23:40:00,1.1,9,9
1512,11/03/2022 23:50:00,1.1,9,9
1513,12/03/2022 00:00:00,1.1,9,9
1514,12/03/2022 00:10:00,1.1,9,9
1515,12/03/2022 00:20:00,1.1,9,9
1516,12/03/2022 00:30:00,1.1,9,9
1517,12/03/2022 00:40:00,1.1,9,9
1518,12/03/2022 00:50:00,1.1,9,9
1519,12/03/2022 01:00:00,1.1,9,9
1520,12/03/2022 01:10:00,1.1,9,9
1521,12/03/2022 01:20:00,1.1,9,9
1522,12/03/2022 01:30:00,1.1,9,9
1523,12/03/2022 01:40:00,1.1,9,9
1524,12/03/2022 01:50:00,1.1,9,9
1525,12/03/2022 02:00:00,1.1,9,9
1526,12/03/2022 02:10:00,1.1,9,9
1527,12/03/2022 02:20:00,1.1,9,9
1528,12/03/2022 02:30:00,1.1,9,9
1529,12/03/2022 02:40:00,1.1,9,9
1530,12/03/2022 02:50:00,1.1,9,9
1531,12/03/2022 03:00:00,1.1,9,9
1532,12/03/2022 03:10:00,1.1,9,9
1533,12/03/2022 03:20:00,1.1,9,9
1534,12/03/2022 03:30:00,1.1,9,9
1535,12/03/2022 03:40:00,1.1,9,9
1536,12/03/2022 03:50:00,1.1,9,9
1537,12/03/2022 04:00:00,1.1,9,9
1538,12/03/2022 04:10:00,1.1,9,9
1539,12/03/2022 04:20:00,1.1,9,9
1540,12/03/2022 04:30:00,1.1,9,9
1541,12/03/2022 04:40:00,1.1,9,9
1542,12/03/2022 04:50:00,1.1,9,9
1543,12/03/2022 05:00:00,1.1,9,9
1544,12/03/2022 05:10:00,1.1,9,9
1545,12/03/2022 05:20:00,1.1,9,9
1546,12/03/2022 05:30:00,1.1,9,9
1547,12/03/2022 05:40:00,1.1,9,9
1548,12/03/2022 05:50:00,1.1,9,9
1549,12/03/2022 06:00:00,1.1,9,9
1550,12/03/2022 06:10:00,1.1,9,9
1551,12/03/2022 06:20:00,1.1,9,9
1552,12/03/2022 06:30:00,1.1,9,9
1553,12/03/2022 06:40:00,1.1,9,9
1554,12/03/2022 06:50:00,1.1,9,9
1555,12/03/2022 07:00:00,1.1,9,9
1556,12/03/2022 07:10:00,1.1,9,9
1557,12/03/2022 07:20:00,1.1,9,9
1558,12/03/2022 07:30:00,1.1,9,9
1559,12/03/2022 07:40:00,1.1,9,9
1560,12/03/2022 07:50:00,1.1,9,9
1561,12/03/2022 08:00:00,1.1,9,9
1562,12/03/2022 08:10:00,1.1,9,9
1563,12/03/2022 08:20:00,1.1,9,9
1564,12/03/2022 08:30:00,1.1,9,9
1565,12/03/2022 08:40:00,1.1,9,9
1566,12/03/2022 08:50:00,1.1,9,9
1567,12/03/2022 09:00:00,1.1,9,9
1568,12/03/2022 09:10:00,1.1,9,9
1569,12/03/2022 09:20:00,1.1,9,9
1570,12/03/2022 09:30:00,1.1,9,9
1571,12/03/2022 09:40:00,1.1,9,9
1572,12/03/2022 09:50:00,1.1,9,9
1573,12/03/2022 10:00:00,1.1,9,9
1574,12/03/2022 10:10:00,1.1,9,9
1575,12/03/2022 10:20:00,1.1,9,9
1576,12/03/2022 10:30:00,1.1,9,9
1577,12/03/2022 10:40:00,1.1,9,9
1578,12/03/2022 10:50:00,1.1,9,9
1579,12/03/2022 11:00:00,1.1,9,9
1580,12/03/2022 11:10:00,1.1,9,9
1581,12/03/2022 11:20:00,1.1,9,9
1582,12/03/2022 11:30:00,1.1,9,9
1583,12/03/2022 11:40:00,1.1,9,9
1584,12/03/2022 11:50:00,1.1,9,9
1585,12/03/2022 12:00:00,1.1,9,9
1586,12/03/2022 12:10:00,1.1,9,9
1587,12/03/2022 12:20:00,1.1,9,9
1588,12/03/2022 12:30:00,1.1,9,9
1589,12/03/2022 12:40:00,1.1,9,9
1590,12/03/2022 12:50:00,1.1,9,9
1591,12/03/2022 13:00:00,1.1,9,9
1592,12/03/2022 13:10:00,1.1,9,9
1593,12/03/2022 13:20:00,1.1,9,9
1594,12/03/2022 13:30:00,1.1,9,9
1595,12/03/2022 13:40:00,1.1,9,9
1596,12/03/2022 13:50:00,1.1,9,9
1597,12/03/2022 14:00:00,1.1,9,9
1598,12/03/2022 14:10:00,1.1,9,9
1599,12/03/2022 14:20:00,1.1,9,9
1600,12/03/2022 14:30:00,1.1,9,9
1601,12/03/2022 14:40:00,1.1,9,9
1602,12/03/2022 14:50:00,1.1,9,9
1603,12/03/2022 15:00:00,1.1,9,9
1604,12/03/2022 15:10:00,1.1,9,9
1605,12/03/2022 15:20:00,1.1,9,9
1606,12/03/2022 15:30:00,1.1,9,9
1607,12/03/2022 15:40:00,1.1,9,9
1608,12/03/2022 15:50:00,1.1,9,9
1609,12/03/2022 16:00:00,1.1,9,9
1610,12/03/2022 16:10:00,1.1,9,9
1611,12/03/2022 16:20:00,1.1,9,9
1612,12/03/2022 16:30:00,1.1,9,9
1613,12/03/2022 16:40:00,1.1,9,9
1614,12/03/2022 16:50:00,1.1,9,9
1615,12/03/2022 17:00:00,1.1,9,9
1616,12/03/2022 17:10:00,1.1,9,9
1617,12/03/2022 17:20:00,1.1,9,9
1618,12/03/2022 17:30:00,1.1,9,9
1619,12/03/2022 17:40:00,1.1,9,9
1620,12/03/2022 17:50:00,1.1,9,9
1621,12/03/2022 18:00:00,1.1,9,9
1622,12/03/2022 18:10:00,1.1,9,9
1623,12/03/2022 18:20:00,1.1,9,9
1624,12/03/2022 18:30:00,1.1,9,9
1625,12/03/2022 18:40:00,1.1,9,9
1626,12/03/2022 18:50:00,1.1,9,9
1627,12/03/2022 19:00:00,1.1,9,9
1628,12/03/2022 19:10:00,1.1,9,9
1629,12/03/2022 19:20:00,1.1,9,9
1630,12/03/2022 19:30:00,1.1,9,9
1631,12/03/2022 19:40:00,1.1,9,9
1632,12/03/2022 19:50:00,1.1,9,9
1633,12/03/2022 20:00:00,1.1,9,9
1634,12/03/2022 20:10:00,1.1,9,9
1635,12/03/2022 20:20:00,1.1,9,9
1636,12/03/2022 20:30:00,1.1,9,9
1637,12/03/2022 20:40:00,1.1,9,9
1638,12/03/2022 20:50:00,1.1,9,9
1639,12/03/2022 21:00:00,1.1,9,9
1640,12/03/2022 21:10:00,1.1,9,9
1641,12/03/2022 21:20:00,1.1,9,9
1642,12/03/2022 21:30:00,1.1,9,9
1643,12/03/2022 21:40:00,1.1,9,9
1644,12/03/2022 21:50:00,1.1,9,9
1645,12/03/2022 22:00:00,1.1,9,9
1646,12/03/2022 22:10:00,1.1,9,9
1647,12/03/2022 22:20:00,1.1,9,9
1648,12/03/2022 22:30:00,1.1,9,9
1649,12/03/2022 22:40:00,1.1,9,9
1650,12/03/2022 22:50:00,1.1,9,9
1651,12/03/2022 23:00:00,1.1,9,9
1652,12/03/2022 23:10:00,1.1,9,9
1653,12/03/2022 23:20:00,1.1,9,9
1654,12/03/2022 23:30:00,1.1,9,9
1655,12/03/2022 23:40:00,1.1,9,9
1656,12/03/2022 23:50:00,1.1,9,9
1657,13/03/2022 00:00:00,1.1,9,9
1658,13/03/2022 00:10:00,1.1,9,9
1659,13/03/2022 00:20:00,1.1,9,9
1660,13/03/2022 00:30:00,1.1,9,9
1661,13/03/2022 00:40:00,1.1,9,9
1662,13/03/2022 00:50:00,1.1,9,9
1663,13/03/2022 01:00:00,1.1,9,9
1664,13/03/2022 01:10:00,1.1,9,9
1665,13/03/2022 01:20:00,1.1,9,9
1666,13/03/2022 01:30:00,1.1,9,9
1667,13/03/2022 01:40:00,1.1,9,9
1668,13/03/2022 01:50:00,1.1,9,9
1669,13/03/2022 02:00:00,1.1,9,9
1670,13/03/2022 02:10:00,1.1,9,9
1671,13/03/2022 02:20:00,1.1,9,9
1672,13/03/2022 02:30:00,1.1,9,9
1673,13/03/2022 02:40:00,1.1,9,9
1674,13/03/2022 02:50:00,1.1,9,9
1675,13/03/2022 03:00:00,1.1,9,9
1676,13/03/2022 03:10:00,1.1,9,9
1677,13/03/2022 03:20:00,1.1,9,9
1678,13/03/2022 03:30:00,1.1,9,9
1679,13/03/2022 03:40:00,1.1,9,9
1680,13/03/2022 03:50:00,1.1,9,9
1681,13/03/2022 04:00:00,1.1,9,9
1682,13/03/2022 04:10:00,1.1,9,9
1683,13/03/2022 04:20:00,1.1,9,9
1684,13/03/2022 04:30:00,1.1,9,9
1685,13/03/2022 04:40:00,1.1,9,9
1686,13/03/2022 04:50:00,1.1,9,9
1687,13/03/2022 05:00:00,1.1,9,9
1688,13/03/2022 05:10:00,1.1,9,9
1689,13/03/2022 05:20:00,1.1,9,9
1690,13/03/2022 05:30:00,1.1,9,9
1691,13/03/2022 05:40:00,1.1,9,9
1692,13/03/2022 05:50:00,1.1,9,9
1693,13/03/2022 06:00:00,1.1,9,9
1694,13/03/2022 06:10:00,1.1,9,9
1695,13/03/2022 06:20:00,1.1,9,9
1696,13/03/2022 06:30:00,1.1,9,9
1697,13/03/2022 06:40:00,1.1,9,9
1698,13/03/2022 06:50:00,1.1,9,9
1699,13/03/2022 07:00:00,1.1,9,9
1700,13/03/2022 07:10:00,1.1,9,9
1701,13/03/2022 07:20:00,1.1,9,9
1702,13/03/2022 07:30:00,1.1,9,9
1703,13/03/2022 07:40:00,1.1,9,9
1704,13/03/2022 07:50:00,1.1,9,9
1705,13/03/2022 08:00:00,1.1,9,9
1706,13/03/2022 08:10:00,1.1,9,9
1707,13/03/2022 08:20:00,1.1,9,9
1708,13/03/2022 08:30:00,1.1,9,9
1709,13/03/2022 08:40:00,1.1,9,9
1710,13/03/2022 08:50:00,1.1,9,9
1711,13/03/2022 09:00:00,1.1,9,9
1712,13/03/2022 09:10:00,1.1,9,9
1713,13/03/2022 09:20:00,1.1,9,9
1714,13/03/2022 09:30:00,1.1,9,9
1715,13/03/2022 09:40:00,1.1,9,9
1716,13/03/2022 09:50:00,1.1,9,9
1717,13/03/2022 10:00:00,1.1,9,9
1718,13/03/2022 10:10:00,1.1,9,9
1719,13/03/2022 10:20:00,1.1,9,9
1720,13/03/2022 10:30:00,1.1,9,9
1721,13/03/2022 10:40:00,1.1,9,9
1722,13/03/2022 10:50:00,1.1,9,9
1723,13/03/2022 11:00:00,1.1,9,9
1724,13/03/2022 11:10:00,1.1,9,9
1725,13/03/2022 11:20:00,1.1,9,9
1726,13/03/2022 11:30:00,1.1,9,9
1727,13/03/2022 11:40:00,1.1,9,9
1728,13/03/2022 11:50:00,1.1,9,9
1729,13/03/2022 12:00:00,1.1,9,9
1730,13/03/2022 12:10:00,1.1,9,9
1731,13/03/2022 12:20:00,1.1,9,9
1732,13/03/2022 12:30:00,1.1,9,9
1733,13/03/2022 12:40:00,1.1,9,9
1734,13/03/2022 12:50:00,1.1,9,9
1735,13/03/2022 13:00:00,1.1,9,9
1736,13/03/2022 13:10:00,1.1,9,9
1737,13/03/2022 13:20:00,1.1,9,9
1738,13/03/2022 13:30:00,1.1,9,9
1739,13/03/2022 13:40:00,1.1,9,9
1740,13/03/2022 13:50:00,1.1,9,9
1741,13/03/2022 14:00:00,1.1,9,9
1742,13/03/2022 14:10:00,1.1,9,9
1743,13/03/2022 14:20:00,1.1,9,9
1744,13/03/2022 14:30:00,1.1,9,9
1745,13/03/2022 14:40:00,1.1,9,9
1746,13/03/2022 14:50:00,1.1,9,9
1747,13/03/2022 15:00:00,1.1,9,9
1748,13/03/2022 15:10:00,1.1,9,9
1749,13/03/2022 15:20:00,1.1,9,9
1750,13/03/2022 15:30:00,1.1,9,9
1751,13/03/2022 15:40:00,1.1,9,9
1752,13/03/2022 15:50:00,1.1,9,9
1753,13/03/2022 16:00:00,1.1,9,9
1754,13/03/2022 16:10:00,1.1,9,9
1755,13/03/2022 16:20:00,1.1,9,9
1756,13/03/2022 16:30:00,1.1,9,9
1757,13/03/2022 16:40:00,1.1,9,9
1758,13/03/2022 16:50:00,1.1,9,9
1759,13/03/2022 17:00:00,1.1,9,9
1760,13/03/2022 17:10:00,1.1,9,9
1761,13/03/2022 17:20:00,1.1,9,9
1762,13/03/2022 17:30:00,1.1,9,9
1763,13/03/2022 17:40:00,1.1,9,9
1764,13/03/2022 17:50:00,1.1,9,9
1765,13/03/2022 18:00:00,1.1,9,9
1766,13/03/2022 18:10:00,1.1,9,9
1767,13/03/2022 18:20:00,1.1,9,9
1768,13/03/2022 18:30:00,1.1,9,9
1769,13/03/2022 18:40:00,1.1,9,9
1770,13/03/2022 18:50:00,1.1,9,9
1771,13/03/2022 19:00:00,1.1,9,9
1772,13/03/2022 19:10:00,1.1,9,9
1773,13/03/2022 19:20:00,1.1,9,9
1774,13/03/2022 19:30:00,1.1,9,9
1775,13/03/2022 19:40:00,1.1,9,9
1776,13/03/2022 19:50:00,1.1,9,9
1777,13/03/2022 20:00:00,1.1,9,9
1778,13/03/2022 20:10:00,1.1,9,9
1779,13/03/2022 20:20:00,1.1,9,9
1780,13/03/2022 20:30:00,1.1,9,9
1781,13/03/2022 20:40:00,1.1,9,9
1782,13/03/2022 20:50:00,1.1,9,9
1783,13/03/2022 21:00:00,1.1,9,9
1784,13/03/2022 21:10:00,1.1,9,9
1785,13/03/2022 21:20:00,1.1,9,9
1786,13/03/2022 21:30:00,1.1,9,9
1787,13/03/2022 21:40:00,1.1,9,9
1788,13/03/2022 21:50:00,1.1,9,9
1789,13/03/2022 22:00:00,1.1,9,9
1790,13/03/2022 22:10:00,1.1,9,9
1791,13/03/2022 22:20:00,1.1,9,9
1792,13/03/2022 22:30:00,1.1,9,9
1793,13/03/2022 22:40:00,1.1,9,9
1794,13/03/2022 22:50:00,1.1,9,9
1795,13/03/2022 23:00:00,1.1,9,9
1796,13/03/2022 23:10:00,1.1,9,9
1797,13/03/2022 23:20:00,1.1,9,9
1798,13/03/2022 23:30:00,1.1,9,9
1799,13/03/2022 23:40:00,1.1,9,9
1800,13/03/2022 23:50:00,1.1,9,9
1801,14/03/2022 00:00:00,1.1,9,9
1802,14/03/2022 00:10:00,1.1,9,9
1803,14/03/2022 00:20:00,1.1,9,9
1804,14/03/2022 00:30:00,1.1,9,9
1805,14/03/2022 00:40:00,1.1,9,9
1806,14/03/2022 00:50:00,1.1,9,9
1807,14/03/2022 01:00:00,1.1,9,9
1808,14/03/2022 01:10:00,1.1,9,9
1809,14/03/2022 01:20:00,1.1,9,9
1810,14/03/2022 01:30:00,1.1,9,9
1811,14/03/2022 01:40:00,1.1,9,9
1812,14/03/2022 01:50:00,1.1,9,9
1813,14/03/2022 02:00:00,1.1,9,9
1814,14/03/2022 02:10:00,1.1,9,9
1815,14/03/2022 02:20:00,1.1,9,9
1816,14/03/2022 02:30:00,1.1,9,9
1817,14/03/2022 02:40:00,1.1,9,9
1818,14/03/2022 02:50:00,1.1,9,9
1819,14/03/2022 03:00:00,1.1,9,9
1820,14/03/2022 03:10:00,1.1,9,9
1821,14/03/2022 03:20:00,1.1,9,9
1822,14/03/2022 03:30:00,1.1,9,9
1823,14/03/2022 03:40:00,1.1,9,9
1824,14/03/2022 03:50:00,1.1,9,9
1825,14/03/2022 04:00:00,1.1,9,9
1826,14/03/2022 04:10:00,1.1,9,9
1827,14/03/2022 04:20:00,1.1,9,9
1828,14/03/2022 04:30:00,1.1,9,9
1829,14/03/2022 04:40:00,1.1,9,9
1830,14/03/2022 04:50:00,1.1,9,9
1831,14/03/2022 05:00:00,1.1,9,9
1832,14/03/2022 05:10:00,1.1,9,9
1833,14/03/2022 05:20:00,1.1,9,9
1834,14/03/2022 05:30:00,1.1,9,9
1835,14/03/2022 05:40:00,1.1,9,9
1836,14/03/2022 05:50:00,1.1,9,9
1837,14/03/2022 06:00:00,1.1,9,9
1838,14/03/2022 06:10:00,1.1,9,9
1839,14/03/2022 06:20:00,1.1,9,9
1840,14/03/2022 06:30:00,1.1,9,9
1841,14/03/2022 06:40:00,1.1,9,9
1842,14/03/2022 06:50:00,1.1,9,9
1843,14/03/2022 07:00:00,1.1,9,9
1844,14/03/2022 07:10:00,1.1,9,9
1845,14/03/2022 07:20:00,1.1,9,9
1846,14/03/2022 07:30:00,1.1,9,9
1847,14/03/2022 07:40:00,1.1,9,9
1848,14/03/2022 07:50:00,1.1,9,9
1849,14/03/2022 08:00:00,1.1,9,9
1850,14/03/2022 08:10:00,1.1,9,9
1851,14/03/2022 08:20:00,1.1,9,9
1852,14/03/2022 08:30:00,1.1,9,9
1853,14/03/2022 08:40:00,1.1,9,9
1854,14/03/2022 08:50:00,1.1,9,9
1855,14/03/2022 09:00:00,1.1,9,9
1856,14/03/2022 09:10:00,1.1,9,9
1857,14/03/2022 09:20:00,1.1,9,9
1858,14/03/2022 09:30:00,1.1,9,9
1859,14/03/2022 09:40:00,1.1,9,9
1860,14/03/2022 09:50:00,1.1,9,9
1861,14/03/2022 10:00:00,1.1,9,9
1862,14/03/2022 10:10:00,1.1,9,9
1863,14/03/2022 10:20:00,1.1,9,9
1864,14/03/2022 10:30:00,1.1,9,9
1865,14/03/2022 10:40:00,1.1,9,9
1866,14/03/2022 10:50:00,1.1,9,9
1867,14/03/2022 11:00:00,1.1,9,9
1868,14/03/2022 11:10:00,1.1,9,9
1869,14/03/2022 11:20:00,1.1,9,9
1870,14/03/2022 11:30:00,1.1,9,9
1871,14/03/2022 11:40:00,1.1,9,9
1872,14/03/2022 11:50:00,1.1,9,9
1873,14/03/2022 12:00:00,1.1,9,9
1874,14/03/2022 12:10:00,1.1,9,9
1875,14/03/2022 12:20:00,1.1,9,9
1876,14/03/2022 12:30:00,1.1,9,9
1877,14/03/2022 12:40:00,1.1,9,9
1878,14/03/2022 12:50:00,1.1,9,9
1879,14/03/2022 13:00:00,1.1,9,9
1880,14/03/2022 13:10:00,1.1,9,9
1881,14/03/2022 13:20:00,1.1,9,9
1882,14/03/2022 13:30:00,1.1,9,9
1883,14/03/2022 13:40:00,1.1,9,9
1884,14/03/2022 13:50:00,1.1,9,9
1885,14/03/2022 14:00:00,1.1,9,9
1886,14/03/2022 14:10:00,1.1,9,9
1887,14/03/2022 14:20:00,1.1,9,9
1888,14/03/2022 14:30:00,1.1,9,9
1889,14/03/2022 14:40:00,1.1,9,9
1890,14/03/2022 14:50:00,1.1,9,9
1891,14/03/2022 15:00:00,1.1,9,9
1892,14/03/2022 15:10:00,1.1,9,9
1893,14/03/2022 15:20:00,1.1,9,9
1894,14/03/2022 15:30:00,1.1,9,9
1895,14/03/2022 15:40:00,1.1,9,9
1896,14/03/2022 15:50:00,1.1,9,9
1897,14/03/2022 16:00:00,1.1,9,9
1898,14/03/2022 16:10:00,1.1,9,9
1899,14/03/2022 16:20:00,1.1,9,9
1900,14/03/2022 16:30:00,1.1,9,9
1901,14/03/2022 16:40:00,1.1,9,9
1902,14/03/2022 16:50:00,1.1,9,9
1903,14/03/2022 17:00:00,1.1,9,9
1904,14/03/2022 17:10:00,1.1,9,9
1905,14/03/2022 17:20:00,1.1,9,9
1906,14/03/2022 17:30:00,1.1,9,9
1907,14/03/2022 17:40:00,1.1,9,9
1908,14/03/2022 17:50:00,1.1,9,9
1909,14/03/2022 18:00:00,1.1,9,9
1910,14/03/2022 18:10:00,1.1,9,9
1911,14/03/2022 18:20:00,1.1,9,9
1912,14/03/2022 18:30:00,1.1,9,9
1913,14/03/2022 18:40:00,1.1,9,9
1914,14/03/2022 18:50:00,1.1,9,9
1915,14/03/2022 19:00:00,1.1,9,9
1916,14/03/2022 19:10:00,1.1,9,9
1917,14/03/2022 19:20:00,1.1,9,9
1918,14/03/2022 19:30:00,1.1,9,9
1919,14/03/2022 19:40:00,1.1,9,9
1920,14/03/2022 19:50:00,1.1,9,9
1921,14/03/2022 20:00:00,1.1,9,9
1922,14/03/2022 20:10:00,1.1,9,9
1923,14/03/2022 20:20:00,1.1,9,9
1924,14/03/2022 20:30:00,1.1,9,9
1925,14/03/2022 20:40:00,1.1,9,9
1926,14/03/2022 20:50:00,1.1,9,9
1927,14/03/2022 21:00:00,1.1,9,9
1928,14/03/2022 21:10:00,1.1,9,9
1929,14/03/2022 21:20:00,1.1,9,10
1930,14/03/2022 21:30:00,1.1,10,10
1931,14/03/2022 21:40:00,1.1,9,10
1932,14/03/2022 21:50:00,1.1,9,9
1933,14/03/2022 22:00:00,1.1,9,9
1934,14/03/2022 22:10:00,1.1,9,9
1935,14/03/2022 22:20:00,1.1,9,9
1936,14/03/2022 22:30:00,1.1,9,9
1937,14/03/2022 22:40:00,1.1,9,9
1938,14/03/2022 22:50:00,1.1,9,9
1939,14/03/2022 23:00:00,1.1,9,9
1940,14/03/2022 23:10:00,1.1,9,9
1941,14/03/2022 23:20:00,1.1,9,9
1942,14/03/2022 23:30:00,1.1,9,9
1943,14/03/2022 23:40:00,1.1,9,9
1944,14/03/2022 23:50:00,1.1,10,9
1945,15/03/2022 00:00:00,1.1,10,9
1946,15/03/2022 00:10:00,1.1,9,10
1947,15/03/2022 00:20:00,1.1,9,9
1948,15/03/2022 00:30:00,1.1,9,9
1949,15/03/2022 00:40:00,1.1,9,9
1950,15/03/2022 00:50:00,1.1,10,9
1951,15/03/2022 01:00:00,1.1,9,10
1952,15/03/2022 01:10:00,1.1,9,9
1953,15/03/2022 01:20:00,1.1,9,9
1954,15/03/2022 01:30:00,1.1,9,9
1955,15/03/2022 01:40:00,1.1,9,9
1956,15/03/2022 01:50:00,1.1,9,9
1957,15/03/2022 02:00:00,1.1,9,9
1958,15/03/2022 02:10:00,1.1,9,9
1959,15/03/2022 02:20:00,1.1,9,9
1960,15/03/2022 02:30:00,1.1,11,10
1961,15/03/2022 02:40:00,1.1,9,9
1962,15/03/2022 02:50:00,1.1,9,9
1963,15/03/2022 03:00:00,1.1,9,9
1964,15/03/2022 03:10:00,1.1,9,9
1965,15/03/2022 03:20:00,1.1,9,9
1966,15/03/2022 03:30:00,1.1,9,9
1967,15/03/2022 03:40:00,1.1,9,9
1968,15/03/2022 03:50:00,1.1,9,9
1969,15/03/2022 04:00:00,1.1,9,9
1970,15/03/2022 04:10:00,1.1,9,9
1971,15/03/2022 04:20:00,1.1,9,9
1972,15/03/2022 04:30:00,1.1,9,9
1973,15/03/2022 04:40:00,1.1,9,9
1974,15/03/2022 04:50:00,1.1,9,9
1975,15/03/2022 05:00:00,1.1,10,10
1976,15/03/2022 05:10:00,1.1,9,9
1977,15/03/2022 05:20:00,1.1,9,9
1978,15/03/2022 05:30:00,1.1,9,9
1979,15/03/2022 05:40:00,1.1,9,9
1980,15/03/2022 05:50:00,1.1,9,9
1981,15/03/2022 06:00:00,1.1,9,9
1982,15/03/2022 06:10:00,1.1,9,9
1983,15/03/2022 06:20:00,1.1,10,9
1984,15/03/2022 06:30:00,1.1,9,9
1985,15/03/2022 06:40:00,1.1,9,9
1986,15/03/2022 06:50:00,1.1,9,9
1987,15/03/2022 07:00:00,1.1,9,9
1988,15/03/2022 07:10:00,1.1,9,9
1989,15/03/2022 07:20:00,1.1,9,9
1990,15/03/2022 07:30:00,1.1,9,9
1991,15/03/2022 07:40:00,1.1,9,9
1992,15/03/2022 07:50:00,1.1,9,9
1993,15/03/2022 08:00:00,1.1,9,9
1994,15/03/2022 08:10:00,1.1,9,9
1995,15/03/2022 08:20:00,1.1,9,9
1996,15/03/2022 08:30:00,1.1,9,9
1997,15/03/2022 08:40:00,1.1,9,9
1998,15/03/2022 08:50:00,1.1,9,9
1999,15/03/2022 09:00:00,1.1,9,9
2000,15/03/2022 09:10:00,1.1,9,9
2001,15/03/2022 09:20:00,1.1,9,9
2002,15/03/2022 09:30:00,1.1,9,9
2003,15/03/2022 09:40:00,1.1,9,9
2004,15/03/2022 09:50:00,1.1,9,9
2005,15/03/2022 10:00:00,1.1,9,9
2006,15/03/2022 10:10:00,1.1,9,9
2007,15/03/2022 10:20:00,1.1,9,9
2008,15/03/2022 10:30:00,1.1,9,9
2009,15/03/2022 10:40:00,1.1,9,9
2010,15/03/2022 10:50:00,1.1,9,9
2011,15/03/2022 11:00:00,1.1,11,10
2012,15/03/2022 11:10:00,1.1,9,10
2013,15/03/2022 11:20:00,1.1,9,9
2014,15/03/2022 11:30:00,1.1,9,9
2015,15/03/2022 11:40:00,1.1,9,9
2016,15/03/2022 11:50:00,1.1,9,9
2017,15/03/2022 12:00:00,1.1,9,9
2018,15/03/2022 12:10:00,1.1,9,10
2019,15/03/2022 12:20:00,1.1,9,9
2020,15/03/2022 12:30:00,1.1,9,9
2021,15/03/2022 12:40:00,1.1,9,9
2022,15/03/2022 12:50:00,1.1,9,9
2023,15/03/2022 13:00:00,1.1,9,9
2024,15/03/2022 13:10:00,1.1,9,9
2025,15/03/2022 13:20:00,1.1,9,9
2026,15/03/2022 13:30:00,1.1,9,9
2027,15/03/2022 13:40:00,1.1,9,9
2028,15/03/2022 13:50:00,1.1,9,10
2029,15/03/2022 14:00:00,1.1,9,9
2030,15/03/2022 14:10:00,1.1,9,9
2031,15/03/2022 14:20:00,1.1,9,10
2032,15/03/2022 14:30:00,1.1,9,9
2033,15/03/2022 14:40:00,1.1,9,9
2034,15/03/2022 14:50:00,1.1,11,10
2035,15/03/2022 15:00:00,1.1,9,10
2036,15/03/2022 15:10:00,1.1,9,10
2037,15/03/2022 15:20:00,1.1,9,9
2038,15/03/2022 15:30:00,1.1,9,10
2039,15/03/2022 15:40:00,1.1,9,9
2040,15/03/2022 15:50:00,1.1,9,9
2041,15/03/2022 16:00:00,1.1,9,9
2042,15/03/2022 16:10:00,1.1,9,9
2043,15/03/2022 16:20:00,1.1,9,9
2044,15/03/2022 16:30:00,1.1,9,9
2045,15/03/2022 16:40:00,1.1,9,9
2046,15/03/2022 16:50:00,1.1,10,9
2047,15/03/2022 17:00:00,1.1,9,9
2048,15/03/2022 17:10:00,1.1,9,9
2049,15/03/2022 17:20:00,1.1,9,9
2050,15/03/2022 17:30:00,1.1,9,9
2051,15/03/2022 17:40:00,1.1,9,9
2052,15/03/2022 17:50:00,1.1,10,9
2053,15/03/2022 18:00:00,1.1,9,10
2054,15/03/2022 18:10:00,1.1,9,9
2055,15/03/2022 18:20:00,1.1,9,9
2056,15/03/2022 18:30:00,1.1,9,9
2057,15/03/2022 18:40:00,1.1,9,9
2058,15/03/2022 18:50:00,1.1,9,9
2059,15/03/2022 19:00:00,1.1,9,9
2060,15/03/2022 19:10:00,1.1,9,9
2061,15/03/2022 19:20:00,1.1,9,9
2062,15/03/2022 19:30:00,1.1,9,9
2063,15/03/2022 19:40:00,1.1,9,9
2064,15/03/2022 19:50:00,1.1,9,10
2065,15/03/2022 20:00:00,1.1,9,9
2066,15/03/2022 20:10:00,1.1,9,9
2067,15/03/2022 20:20:00,1.1,9,9
2068,15/03/2022 20:30:00,1.1,9,9
2069,15/03/2022 20:40:00,1.1,9,9
2070,15/03/2022 20:50:00,1.1,9,9
2071,15/03/2022 21:00:00,1.1,9,9
2072,15/03/2022 21:10:00,1.1,9,9
2073,15/03/2022 21:20:00,1.1,9,9
2074,15/03/2022 21:30:00,1.1,9,9
2075,15/03/2022 21:40:00,1.1,9,9
2076,15/03/2022 21:50:00,1.1,9,9
2077,15/03/2022 22:00:00,1.1,9,9
2078,15/03/2022 22:10:00,1.1,9,9
2079,15/03/2022 22:20:00,1.1,9,9
2080,15/03/2022 22:30:00,1.1,9,9
2081,15/03/2022 22:40:00,1.1,9,9
2082,15/03/2022 22:50:00,1.1,9,9
2083,15/03/2022 23:00:00,1.1,9,9
2084,15/03/2022 23:10:00,1.1,9,9
2085,15/03/2022 23:20:00,1.1,9,9
2086,15/03/2022 23:30:00,1.1,9,9
2087,15/03/2022 23:40:00,1.1,9,9
2088,15/03/2022 23:50:00,1.1,9,9
2089,16/03/2022 00:00:00,1.1,9,9
2090,16/03/2022 00:10:00,1.1,9,9
2091,16/03/2022 00:20:00,1.1,9,9
2092,16/03/2022 00:30:00,1.1,9,9
2093,16/03/2022 00:40:00,1.1,9,9
2094,16/03/2022 00:50:00,1.1,9,9
2095,16/03/2022 01:00:00,1.1,9,9
2096,16/03/2022 01:10:00,1.1,9,9
2097,16/03/2022 01:20:00,1.1,9,9
2098,16/03/2022 01:30:00,1.1,9,9
2099,16/03/2022 01:40:00,1.1,9,9
2100,16/03/2022 01:50:00,1.1,9,9
2101,16/03/2022 02:00:00,1.1,9,9
2102,16/03/2022 02:10:00,1.1,9,9
2103,16/03/2022 02:20:00,1.1,9,9
2104,16/03/2022 02:30:00,1.1,9,9
2105,16/03/2022 02:40:00,1.1,9,9
2106,16/03/2022 02:50:00,1.1,9,9
2107,16/03/2022 03:00:00,1.1,9,9
2108,16/03/2022 03:10:00,1.1,9,9
2109,16/03/2022 03:20:00,1.1,9,9
2110,16/03/2022 03:30:00,1.1,9,9
2111,16/03/2022 03:40:00,1.1,9,9
2112,16/03/2022 03:50:00,1.1,9,9
2113,16/03/2022 04:00:00,1.1,9,9
2114,16/03/2022 04:10:00,1.1,9,9
2115,16/03/2022 04:20:00,1.1,9,9
2116,16/03/2022 04:30:00,1.1,9,9
2117,16/03/2022 04:40:00,1.1,9,9
2118,16/03/2022 04:50:00,1.1,9,9
2119,16/03/2022 05:00:00,1.1,9,9
2120,16/03/2022 05:10:00,1.1,9,9
2121,16/03/2022 05:20:00,1.1,9,9
2122,16/03/2022 05:30:00,1.1,9,9
2123,16/03/2022 05:40:00,1.1,9,9
2124,16/03/2022 05:50:00,1.1,9,9
2125,16/03/2022 06:00:00,1.1,9,9
2126,16/03/2022 06:10:00,1.1,9,9
2127,16/03/2022 06:20:00,1.1,9,9
2128,16/03/2022 06:30:00,1.1,9,9
2129,16/03/2022 06:40:00,1.1,9,9
2130,16/03/2022 06:50:00,1.1,9,9
2131,16/03/2022 07:00:00,1.1,9,9
2132,16/03/2022 07:10:00,1.1,9,9
2133,16/03/2022 07:20:00,1.1,9,9
2134,16/03/2022 07:30:00,1.1,9,9
2135,16/03/2022 07:40:00,1.1,9,9
2136,16/03/2022 07:50:00,1.1,9,9
2137,16/03/2022 08:00:00,1.1,9,9
2138,16/03/2022 08:10:00,1.1,9,9
2139,16/03/2022 08:20:00,1.1,9,9
2140,16/03/2022 08:30:00,1.1,9,9
2141,16/03/2022 08:40:00,1.1,9,9
2142,16/03/2022 08:50:00,1.1,9,9
2143,16/03/2022 09:00:00,1.1,9,9
2144,16/03/2022 09:10:00,1.1,9,9
2145,16/03/2022 09:20:00,1.1,9,9
2146,16/03/2022 09:30:00,1.1,9,9
2147,16/03/2022 09:40:00,1.1,9,9
2148,16/03/2022 09:50:00,1.1,9,9
2149,16/03/2022 10:00:00,1.1,9,9
2150,16/03/2022 10:10:00,1.1,9,9
2151,16/03/2022 10:20:00,1.1,9,9
2152,16/03/2022 10:30:00,1.1,9,9
2153,16/03/2022 10:40:00,1.1,9,9
2154,16/03/2022 10:50:00,1.1,9,9
2155,16/03/2022 11:00:00,1.1,9,9
2156,16/03/2022 11:10:00,1.1,9,9
2157,16/03/2022 11:20:00,1.1,9,9
2158,16/03/2022 11:30:00,1.1,9,9
2159,16/03/2022 11:40:00,1.1,9,9
2160,16/03/2022 11:50:00,1.1,9,9
2161,16/03/2022 12:00:00,1.1,9,9
2162,16/03/2022 12:10:00,1.1,9,9
2163,16/03/2022 12:20:00,1.1,9,9
2164,16/03/2022 12:30:00,1.1,9,9
2165,16/03/2022 12:40:00,1.1,9,9
2166,16/03/2022 12:50:00,1.1,9,9
2167,16/03/2022 13:00:00,1.1,10,9
2168,16/03/2022 13:10:00,1.1,9,9
2169,16/03/2022 13:20:00,1.1,9,9
2170,16/03/2022 13:30:00,1.1,9,9
2171,16/03/2022 13:40:00,1.1,9,9
2172,16/03/2022 13:50:00,1.1,9,9
2173,16/03/2022 14:00:00,1.1,9,9
2174,16/03/2022 14:10:00,1.1,9,9
2175,16/03/2022 14:20:00,1.1,9,9
2176,16/03/2022 14:30:00,1.1,9,9
2177,16/03/2022 14:40:00,1.1,9,9
2178,16/03/2022 14:50:00,1.1,9,9
2179,16/03/2022 15:00:00,1.1,9,9
2180,16/03/2022 15:10:00,1.1,9,9
2181,16/03/2022 15:20:00,1.1,9,9
2182,16/03/2022 15:30:00,1.1,9,9
2183,16/03/2022 15:40:00,1.1,9,9
2184,16/03/2022 15:50:00,1.1,9,9
2185,16/03/2022 16:00:00,1.1,9,9
2186,16/03/2022 16:10:00,1.1,9,9
2187,16/03/2022 16:20:00,1.1,9,9
2188,16/03/2022 16:30:00,1.1,9,9
2189,16/03/2022 16:40:00,1.1,9,9
2190,16/03/2022 16:50:00,1.1,9,9
2191,16/03/2022 17:00:00,1.1,9,9
2192,16/03/2022 17:10:00,1.1,9,9
2193,16/03/2022 17:20:00,1.1,9,9
2194,16/03/2022 17:30:00,1.1,9,9
2195,16/03/2022 17:40:00,1.1,9,9
2196,16/03/2022 17:50:00,1.1,9,9
2197,16/03/2022 18:00:00,1.1,9,9
2198,16/03/2022 18:10:00,1.1,9,9
2199,16/03/2022 18:20:00,1.1,9,9
2200,16/03/2022 18:30:00,1.1,9,9
2201,16/03/2022 18:40:00,1.1,9,9
2202,16/03/2022 18:50:00,1.1,9,9
2203,16/03/2022 19:00:00,1.1,9,9
2204,16/03/2022 19:10:00,1.1,9,9
2205,16/03/2022 19:20:00,1.1,9,9
2206,16/03/2022 19:30:00,1.1,9,9
2207,16/03/2022 19:40:00,1.1,9,9
2208,16/03/2022 19:50:00,1.1,9,9
2209,16/03/2022 20:00:00,1.1,9,9
2210,16/03/2022 20:10:00,1.1,9,9
2211,16/03/2022 20:20:00,1.1,9,9
2212,16/03/2022 20:30:00,1.1,9,9
2213,16/03/2022 20:40:00,1.1,9,9
2214,16/03/2022 20:50:00,1.1,9,9
2215,16/03/2022 21:00:00,1.1,9,9
2216,16/03/2022 21:10:00,1.1,9,9
2217,16/03/2022 21:20:00,1.1,9,9
2218,16/03/2022 21:30:00,1.1,9,9
2219,16/03/2022 21:40:00,1.1,9,9
2220,16/03/2022 21:50:00,1.1,9,9
2221,16/03/2022 22:00:00,1.1,9,9
2222,16/03/2022 22:10:00,1.1,9,9
2223,16/03/2022 22:20:00,1.1,9,9
2224,16/03/2022 22:30:00,1.1,9,9
2225,16/03/2022 22:40:00,1.1,9,9
2226,16/03/2022 22:50:00,1.1,9,9
2227,16/03/2022 23:00:00,1.1,9,9
2228,16/03/2022 23:10:00,1.1,9,9
2229,16/03/2022 23:20:00,1.1,9,9
2230,16/03/2022 23:30:00,1.1,9,9
2231,16/03/2022 23:40:00,1.1,9,9
2232,16/03/2022 23:50:00,1.1,9,9
2233,17/03/2022 00:00:00,1.1,9,9
2234,17/03/2022 00:10:00,1.1,9,9
2235,17/03/2022 00:20:00,1.1,9,9
2236,17/03/2022 00:30:00,1.1,9,9
2237,17/03/2022 00:40:00,1.1,9,9
2238,17/03/2022 00:50:00,1.1,9,9
2239,17/03/2022 01:00:00,1.1,9,9
2240,17/03/2022 01:10:00,1.1,9,9
2241,17/03/2022 01:20:00,1.1,9,9
2242,17/03/2022 01:30:00,1.1,9,9
2243,17/03/2022 01:40:00,1.1,9,9
2244,17/03/2022 01:50:00,1.1,9,9
2245,17/03/2022 02:00:00,1.1,9,9
2246,17/03/2022 02:10:00,1.1,9,9
2247,17/03/2022 02:20:00,1.1,9,9
2248,17/03/2022 02:30:00,1.1,9,9
2249,17/03/2022 02:40:00,1.1,9,9
2250,17/03/2022 02:50:00,1.1,9,9
2251,17/03/2022 03:00:00,1.1,9,9
2252,17/03/2022 03:10:00,1.1,9,9
2253,17/03/2022 03:20:00,1.1,9,9
2254,17/03/2022 03:30:00,1.1,9,9
2255,17/03/2022 03:40:00,1.1,9,9
2256,17/03/2022 03:50:00,1.1,9,9
2257,17/03/2022 04:00:00,1.1,9,9
2258,17/03/2022 04:10:00,1.1,9,9
2259,17/03/2022 04:20:00,1.1,9,9
2260,17/03/2022 04:30:00,1.1,9,9
2261,17/03/2022 04:40:00,1.1,9,9
2262,17/03/2022 04:50:00,1.1,9,9
2263,17/03/2022 05:00:00,1.1,9,9
2264,17/03/2022 05:10:00,1.1,9,9
2265,17/03/2022 05:20:00,1.1,9,9
2266,17/03/2022 05:30:00,1.1,9,9
2267,17/03/2022 05:40:00,1.1,9,9
2268,17/03/2022 05:50:00,1.1,9,9
2269,17/03/2022 06:00:00,1.1,9,9
2270,17/03/2022 06:10:00,1.1,9,9
2271,17/03/2022 06:20:00,1.1,9,9
2272,17/03/2022 06:30:00,1.1,9,9
2273,17/03/2022 06:40:00,1.1,9,9
2274,17/03/2022 06:50:00,1.1,9,9
2275,17/03/2022 07:00:00,1.1,9,9
2276,17/03/2022 07:10:00,1.1,9,9
2277,17/03/2022 07:20:00,1.1,9,9
2278,17/03/2022 07:30:00,1.1,9,9
2279,17/03/2022 07:40:00,1.1,9,9
2280,17/03/2022 07:50:00,1.1,9,9
2281,17/03/2022 08:00:00,1.1,9,9
2282,17/03/2022 08:10:00,1.1,9,9
2283,17/03/2022 08:20:00,1.1,9,9
2284,17/03/2022 08:30:00,1.1,9,9
2285,17/03/2022 08:40:00,1.1,9,9
2286,17/03/2022 08:50:00,1.1,9,9
2287,17/03/2022 09:00:00,1.1,9,9
2288,17/03/2022 09:10:00,1.1,9,9
2289,17/03/2022 09:20:00,1.1,9,9
2290,17/03/2022 09:30:00,1.1,9,9
2291,17/03/2022 09:40:00,1.1,9,9
2292,17/03/2022 09:50:00,1.1,9,9
2293,17/03/2022 10:00:00,1.1,9,9
2294,17/03/2022 10:10:00,1.1,9,9
2295,17/03/2022 10:20:00,1.1,9,9
2296,17/03/2022 10:30:00,1.1,9,9
2297,17/03/2022 10:40:00,1.1,9,9
2298,17/03/2022 10:50:00,1.1,9,9
2299,17/03/2022 11:00:00,1.1,9,9
2300,17/03/2022 11:10:00,1.1,9,9
2301,17/03/2022 11:20:00,1.1,9,9
2302,17/03/2022 11:30:00,1.1,9,9
2303,17/03/2022 11:40:00,1.1,9,9
2304,17/03/2022 11:50:00,1.1,9,9
2305,17/03/2022 12:00:00,1.1,9,9
2306,17/03/2022 12:10:00,1.1,9,9
2307,17/03/2022 12:20:00,1.1,9,9
2308,17/03/2022 12:30:00,1.1,9,9
2309,17/03/2022 12:40:00,1.1,9,9
2310,17/03/2022 12:50:00,1.1,9,9
2311,17/03/2022 13:00:00,1.1,9,9
2312,17/03/2022 13:10:00,1.1,9,9
2313,17/03/2022 13:20:00,1.1,9,9
2314,17/03/2022 13:30:00,1.1,9,9
2315,17/03/2022 13:40:00,1.1,9,9
2316,17/03/2022 13:50:00,1.1,9,9
2317,17/03/2022 14:00:00,1.1,9,9
2318,17/03/2022 14:10:00,1.1,9,9
2319,17/03/2022 14:20:00,1.1,9,9
2320,17/03/2022 14:30:00,1.1,9,9
2321,17/03/2022 14:40:00,1.1,9,9
2322,17/03/2022 14:50:00,1.1,9,9
2323,17/03/2022 15:00:00,1.1,9,9
2324,17/03/2022 15:10:00,1.1,9,9
2325,17/03/2022 15:20:00,1.1,9,9
2326,17/03/2022 15:30:00,1.1,9,9
2327,17/03/2022 15:40:00,1.1,9,9
2328,17/03/2022 15:50:00,1.1,9,9
2329,17/03/2022 16:00:00,1.1,9,9
2330,17/03/2022 16:10:00,1.1,9,9
2331,17/03/2022 16:20:00,1.1,9,9
2332,17/03/2022 16:30:00,1.1,9,9
2333,17/03/2022 16:40:00,1.1,9,9
2334,17/03/2022 16:50:00,1.1,9,9
2335,17/03/2022 17:00:00,1.1,9,9
2336,17/03/2022 17:10:00,1.1,9,9
2337,17/03/2022 17:20:00,1.1,9,9
2338,17/03/2022 17:30:00,1.1,9,9
2339,17/03/2022 17:40:00,1.1,9,9
2340,17/03/2022 17:50:00,1.1,9,9
2341,17/03/2022 18:00:00,1.1,9,9
2342,17/03/2022 18:10:00,1.1,9,9
2343,17/03/2022 18:20:00,1.1,9,9
2344,17/03/2022 18:30:00,1.1,9,9
2345,17/03/2022 18:40:00,1.1,9,9
2346,17/03/2022 18:50:00,1.1,9,9
2347,17/03/2022 19:00:00,1.1,9,9
2348,17/03/2022 19:10:00,1.1,9,9
2349,17/03/2022 19:20:00,1.1,9,9
2350,17/03/2022 19:30:00,1.1,9,9
2351,17/03/2022 19:40:00,1.1,9,9
2352,17/03/2022 19:50:00,1.1,9,9
2353,17/03/2022 20:00:00,1.1,9,9
2354,17/03/2022 20:10:00,1.1,9,9
2355,17/03/2022 20:20:00,1.1,9,9
2356,17/03/2022 20:30:00,1.1,9,9
2357,17/03/2022 20:40:00,1.1,9,9
2358,17/03/2022 20:50:00,1.1,9,9
2359,17/03/2022 21:00:00,1.1,9,9
2360,17/03/2022 21:10:00,1.1,9,9
2361,17/03/2022 21:20:00,1.1,9,9
2362,17/03/2022 21:30:00,1.1,9,9
2363,17/03/2022 21:40:00,1.1,9,9
2364,17/03/2022 21:50:00,1.1,9,9
2365,17/03/2022 22:00:00,1.1,9,9
2366,17/03/2022 22:10:00,1.1,9,9
2367,17/03/2022 22:20:00,1.1,9,9
2368,17/03/2022 22:30:00,1.1,9,9
2369,17/03/2022 22:40:00,1.1,9,9
2370,17/03/2022 22:50:00,1.1,9,9
2371,17/03/2022 23:00:00,1.1,9,9
2372,17/03/2022 23:10:00,1.1,9,9
2373,17/03/2022 23:20:00,1.1,9,9
2374,17/03/2022 23:30:00,1.1,9,9
2375,17/03/2022 23:40:00,1.1,9,9
2376,17/03/2022 23:50:00,1.1,9,9
2377,18/03/2022 00:00:00,1.1,9,9
2378,18/03/2022 00:10:00,1.1,9,9
2379,18/03/2022 00:20:00,1.1,9,9
2380,18/03/2022 00:30:00,1.1,9,9
2381,18/03/2022 00:40:00,1.1,9,9
2382,18/03/2022 00:50:00,1.1,9,9
2383,18/03/2022 01:00:00,1.1,9,9
2384,18/03/2022 01:10:00,1.1,9,9
2385,18/03/2022 01:20:00,1.1,9,9
2386,18/03/2022 01:30:00,1.1,9,9
2387,18/03/2022 01:40:00,1.1,9,9
2388,18/03/2022 01:50:00,1.1,9,9
2389,18/03/2022 02:00:00,1.1,9,9
2390,18/03/2022 02:10:00,1.1,9,9
2391,18/03/2022 02:20:00,1.1,9,9
2392,18/03/2022 02:30:00,1.1,9,9
2393,18/03/2022 02:40:00,1.1,9,9
2394,18/03/2022 02:50:00,1.1,9,9
2395,18/03/2022 03:00:00,1.1,9,9
2396,18/03/2022 03:10:00,1.1,9,9
2397,18/03/2022 03:20:00,1.1,9,9
2398,18/03/2022 03:30:00,1.1,9,9
2399,18/03/2022 03:40:00,1.1,9,9
2400,18/03/2022 03:50:00,1.1,9,9
2401,18/03/2022 04:00:00,1.1,9,9
2402,18/03/2022 04:10:00,1.1,9,9
2403,18/03/2022 04:20:00,1.1,9,9
2404,18/03/2022 04:30:00,1.1,9,9
2405,18/03/2022 04:40:00,1.1,9,9
2406,18/03/2022 04:50:00,1.1,9,9
2407,18/03/2022 05:00:00,1.1,9,9
2408,18/03/2022 05:10:00,1.1,9,9
2409,18/03/2022 05:20:00,1.1,9,9
2410,18/03/2022 05:30:00,1.1,9,9
2411,18/03/2022 05:40:00,1.1,9,9
2412,18/03/2022 05:50:00,1.1,9,9
2413,18/03/2022 06:00:00,1.1,9,9
2414,18/03/2022 06:10:00,1.1,9,9
2415,18/03/2022 06:20:00,1.1,9,9
2416,18/03/2022 06:30:00,1.1,9,9
2417,18/03/2022 06:40:00,1.1,9,9
2418,18/03/2022 06:50:00,1.1,9,9
2419,18/03/2022 07:00:00,1.1,9,9
2420,18/03/2022 07:10:00,1.1,9,9
2421,18/03/2022 07:20:00,1.1,9,9
2422,18/03/2022 07:30:00,1.1,9,9
2423,18/03/2022 07:40:00,1.1,9,9
2424,18/03/2022 07:50:00,1.1,9,9
2425,18/03/2022 08:00:00,1.1,9,9
2426,18/03/2022 08:10:00,1.1,9,9
2427,18/03/2022 08:20:00,1.1,9,9
2428,18/03/2022 08:30:00,1.1,9,9
2429,18/03/2022 08:40:00,1.1,9,9
2430,18/03/2022 08:50:00,1.1,9,9
2431,18/03/2022 09:00:00,1.1,9,9
2432,18/03/2022 09:10:00,1.1,9,9
2433,18/03/2022 09:20:00,1.1,9,9
2434,18/03/2022 09:30:00,1.1,9,9
2435,18/03/2022 09:40:00,1.1,9,9
2436,18/03/2022 09:50:00,1.1,9,9
2437,18/03/2022 10:00:00,1.1,9,9
2438,18/03/2022 10:10:00,1.1,9,9
2439,18/03/2022 10:20:00,1.1,9,9
2440,18/03/2022 10:30:00,1.1,9,9
2441,18/03/2022 10:40:00,1.1,9,9
2442,18/03/2022 10:50:00,1.1,9,9
2443,18/03/2022 11:00:00,1.1,9,9
2444,18/03/2022 11:10:00,1.1,9,9
2445,18/03/2022 11:20:00,1.1,9,9
2446,18/03/2022 11:30:00,1.1,9,9
2447,18/03/2022 11:40:00,1.1,9,9
2448,18/03/2022 11:50:00,1.0,9,9
2449,18/03/2022 12:00:00,1.1,9,9
2450,18/03/2022 12:10:00,1.1,9,9
2451,18/03/2022 12:20:00,1.1,9,9
2452,18/03/2022 12:30:00,1.1,9,9
2453,18/03/2022 12:40:00,1.0,9,9
2454,18/03/2022 12:50:00,1.1,9,9
2455,18/03/2022 13:00:00,1.1,9,9
2456,18/03/2022 13:10:00,1.1,9,9
2457,18/03/2022 13:20:00,1.1,9,9
2458,18/03/2022 13:30:00,1.1,9,9
2459,18/03/2022 13:40:00,1.1,9,9
2460,18/03/2022 13:50:00,1.1,9,9
2461,18/03/2022 14:00:00,1.1,9,9
2462,18/03/2022 14:10:00,1.1,9,9
2463,18/03/2022 14:20:00,1.1,9,9
2464,18/03/2022 14:30:00,1.1,9,9
2465,18/03/2022 14:40:00,1.1,9,9
2466,18/03/2022 14:50:00,1.1,9,9
2467,18/03/2022 15:00:00,1.1,9,9
2468,18/03/2022 15:10:00,1.1,9,9
2469,18/03/2022 15:20:00,1.1,9,9
2470,18/03/2022 15:30:00,1.1,9,9
2471,18/03/2022 15:40:00,1.1,9,9
2472,18/03/2022 15:50:00,1.1,9,9
2473,18/03/2022 16:00:00,1.1,9,9
2474,18/03/2022 16:10:00,1.1,9,9
2475,18/03/2022 16:20:00,1.1,9,9
2476,18/03/2022 16:30:00,1.0,9,9
2477,18/03/2022 16:40:00,1.1,9,9
2478,18/03/2022 16:50:00,1.0,9,9
2479,18/03/2022 17:00:00,1.0,9,9
2480,18/03/2022 17:10:00,1.0,9,9
2481,18/03/2022 17:20:00,1.0,9,9
2482,18/03/2022 17:30:00,1.0,9,9
2483,18/03/2022 17:40:00,1.0,9,9
2484,18/03/2022 17:50:00,1.0,9,9
2485,18/03/2022 18:00:00,1.0,9,9
2486,18/03/2022 18:10:00,1.0,9,9
2487,18/03/2022 18:20:00,1.0,9,9
2488,18/03/2022 18:30:00,1.0,9,9
2489,18/03/2022 18:40:00,1.0,9,9
2490,18/03/2022 18:50:00,1.0,9,9
2491,18/03/2022 19:00:00,1.0,9,9
2492,18/03/2022 19:10:00,1.0,9,9
2493,18/03/2022 19:20:00,1.0,9,9
2494,18/03/2022 19:30:00,1.0,9,9
2495,18/03/2022 19:40:00,1.0,9,9
2496,18/03/2022 19:50:00,1.0,9,9
2497,18/03/2022 20:00:00,1.0,9,9
2498,18/03/2022 20:10:00,1.0,9,9
2499,18/03/2022 20:20:00,1.0,9,9
2500,18/03/2022 20:30:00,1.0,9,9
2501,18/03/2022 20:40:00,1.0,9,9
2502,18/03/2022 20:50:00,1.0,9,9
2503,18/03/2022 21:00:00,1.0,9,9
2504,18/03/2022 21:10:00,1.0,9,9
2505,18/03/2022 21:20:00,1.0,9,9
2506,18/03/2022 21:30:00,1.0,9,9
2507,18/03/2022 21:40:00,1.0,9,9
2508,18/03/2022 21:50:00,1.0,9,9
2509,18/03/2022 22:00:00,1.0,9,9
2510,18/03/2022 22:10:00,1.0,9,9
2511,18/03/2022 22:20:00,1.0,9,9
2512,18/03/2022 22:30:00,1.0,9,9
2513,18/03/2022 22:40:00,1.0,9,9
2514,18/03/2022 22:50:00,1.0,9,9
2515,18/03/2022 23:00:00,1.0,9,9
2516,18/03/2022 23:10:00,1.0,9,9
2517,18/03/2022 23:20:00,1.0,9,9
2518,18/03/2022 23:30:00,1.0,9,9
2519,18/03/2022 23:40:00,1.0,9,9
2520,18/03/2022 23:50:00,1.0,9,9
2521,19/03/2022 00:00:00,1.0,9,9
2522,19/03/2022 00:10:00,1.0,9,9
2523,19/03/2022 00:20:00,1.0,9,9
2524,19/03/2022 00:30:00,1.0,9,9
2525,19/03/2022 00:40:00,1.0,9,9
2526,19/03/2022 00:50:00,1.0,9,9
2527,19/03/2022 01:00:00,1.0,9,9
2528,19/03/2022 01:10:00,1.0,9,9
2529,19/03/2022 01:20:00,1.0,9,9
2530,19/03/2022 01:30:00,1.0,9,9
2531,19/03/2022 01:40:00,1.0,9,9
2532,19/03/2022 01:50:00,1.0,9,9
2533,19/03/2022 02:00:00,1.0,9,9
2534,19/03/2022 02:10:00,1.0,9,9
2535,19/03/2022 02:20:00,1.0,9,9
2536,19/03/2022 02:30:00,1.0,9,9
2537,19/03/2022 02:40:00,1.0,9,9
2538,19/03/2022 02:50:00,1.0,9,9
2539,19/03/2022 03:00:00,1.0,9,9
2540,19/03/2022 03:10:00,1.0,9,9
2541,19/03/2022 03:20:00,1.0,9,9
2542,19/03/2022 03:30:00,1.0,9,9
2543,19/03/2022 03:40:00,1.0,9,9
2544,19/03/2022 03:50:00,1.0,9,9
2545,19/03/2022 04:00:00,1.0,9,9
2546,19/03/2022 04:10:00,1.0,9,9
2547,19/03/2022 04:20:00,1.0,9,9
2548,19/03/2022 04:30:00,1.0,9,9
2549,19/03/2022 04:40:00,1.0,9,9
2550,19/03/2022 04:50:00,1.0,9,9
2551,19/03/2022 05:00:00,1.0,9,9
2552,19/03/2022 05:10:00,1.0,9,9
2553,19/03/2022 05:20:00,1.0,9,9
2554,19/03/2022 05:30:00,1.0,9,9
2555,19/03/2022 05:40:00,1.0,9,9
2556,19/03/2022 05:50:00,1.0,9,9
2557,19/03/2022 06:00:00,1.0,9,9
2558,19/03/2022 06:10:00,1.0,9,9
2559,19/03/2022 06:20:00,1.0,9,9
2560,19/03/2022 06:30:00,1.0,9,9
2561,19/03/2022 06:40:00,1.0,9,9
2562,19/03/2022 06:50:00,1.0,9,9
2563,19/03/2022 07:00:00,1.0,9,9
2564,19/03/2022 07:10:00,1.0,9,9
2565,19/03/2022 07:20:00,1.0,9,9
2566,19/03/2022 07:30:00,1.0,9,9
2567,19/03/2022 07:40:00,1.0,9,9
2568,19/03/2022 07:50:00,1.0,9,9
2569,19/03/2022 08:00:00,1.0,9,9
2570,19/03/2022 08:10:00,1.0,9,9
2571,19/03/2022 08:20:00,1.0,9,9
2572,19/03/2022 08:30:00,1.0,9,9
2573,19/03/2022 08:40:00,1.0,9,9
2574,19/03/2022 08:50:00,1.0,9,9
2575,19/03/2022 09:00:00,1.0,9,9
2576,19/03/2022 09:10:00,1.0,9,9
2577,19/03/2022 09:20:00,1.0,9,9
2578,19/03/2022 09:30:00,1.0,9,9
2579,19/03/2022 09:40:00,1.0,9,9
2580,19/03/2022 09:50:00,1.0,9,9
2581,19/03/2022 10:00:00,1.0,9,9
2582,19/03/2022 10:10:00,1.0,9,9
2583,19/03/2022 10:20:00,1.0,9,9
2584,19/03/2022 10:30:00,1.0,9,9
2585,19/03/2022 10:40:00,1.0,9,9
2586,19/03/2022 10:50:00,1.0,9,9
2587,19/03/2022 11:00:00,1.0,9,9
2588,19/03/2022 11:10:00,1.0,9,9
2589,19/03/2022 11:20:00,1.0,9,9
2590,19/03/2022 11:30:00,1.0,9,9
2591,19/03/2022 11:40:00,1.0,9,9
2592,19/03/2022 11:50:00,1.0,9,9
2593,19/03/2022 12:00:00,1.0,9,9
2594,19/03/2022 12:10:00,1.0,9,9
2595,19/03/2022 12:20:00,1.0,9,9
2596,19/03/2022 12:30:00,1.0,9,9
2597,19/03/2022 12:40:00,1.0,9,9
2598,19/03/2022 12:50:00,1.0,9,9
2599,19/03/2022 13:00:00,1.0,9,9
2600,19/03/2022 13:10:00,1.0,9,9
2601,19/03/2022 13:20:00,1.0,9,9
2602,19/03/2022 13:30:00,1.0,9,9
2603,19/03/2022 13:40:00,1.0,9,9
2604,19/03/2022 13:50:00,1.0,9,9
2605,19/03/2022 14:00:00,1.0,9,9
2606,19/03/2022 14:10:00,1.0,9,9
2607,19/03/2022 14:20:00,1.0,9,9
2608,19/03/2022 14:30:00,1.0,9,9
2609,19/03/2022 14:40:00,1.0,9,9
2610,19/03/2022 14:50:00,1.0,9,9
2611,19/03/2022 15:00:00,1.0,9,9
2612,19/03/2022 15:10:00,1.0,9,9
2613,19/03/2022 15:20:00,1.0,9,9
2614,19/03/2022 15:30:00,1.0,9,9
2615,19/03/2022 15:40:00,1.0,9,9
2616,19/03/2022 15:50:00,1.0,9,9
2617,19/03/2022 16:00:00,1.0,9,9
2618,19/03/2022 16:10:00,1.0,9,9
2619,19/03/2022 16:20:00,1.0,9,9
2620,19/03/2022 16:30:00,1.0,9,9
2621,19/03/2022 16:40:00,1.0,9,9
2622,19/03/2022 16:50:00,1.0,9,9
2623,19/03/2022 17:00:00,1.0,9,9
2624,19/03/2022 17:10:00,1.0,9,9
2625,19/03/2022 17:20:00,1.0,9,9
2626,19/03/2022 17:30:00,1.0,9,9
2627,19/03/2022 17:40:00,1.0,9,9
2628,19/03/2022 17:50:00,1.0,9,9
2629,19/03/2022 18:00:00,1.0,9,9
2630,19/03/2022 18:10:00,1.0,9,9
2631,19/03/2022 18:20:00,1.0,9,9
2632,19/03/2022 18:30:00,1.0,9,9
2633,19/03/2022 18:40:00,1.0,9,9
2634,19/03/2022 18:50:00,1.0,9,9
2635,19/03/2022 19:00:00,1.0,9,9
2636,19/03/2022 19:10:00,1.0,9,9
2637,19/03/2022 19:20:00,1.0,9,9
2638,19/03/2022 19:30:00,1.0,9,9
2639,19/03/2022 19:40:00,1.0,9,9
2640,19/03/2022 19:50:00,1.0,9,9
2641,19/03/2022 20:00:00,1.0,9,9
2642,19/03/2022 20:10:00,1.0,9,9
2643,19/03/2022 20:20:00,1.0,9,9
2644,19/03/2022 20:30:00,1.0,9,9
2645,19/03/2022 20:40:00,1.0,9,9
2646,19/03/2022 20:50:00,1.0,9,9
2647,19/03/2022 21:00:00,1.0,9,9
2648,19/03/2022 21:10:00,1.0,9,9
2649,19/03/2022 21:20:00,1.0,9,9
2650,19/03/2022 21:30:00,1.0,9,9
2651,19/03/2022 21:40:00,1.0,9,9
2652,19/03/2022 21:50:00,1.0,9,9
2653,19/03/2022 22:00:00,1.0,9,9
2654,19/03/2022 22:10:00,1.0,9,9
2655,19/03/2022 22:20:00,1.0,9,9
2656,19/03/2022 22:30:00,1.0,9,9
2657,19/03/2022 22:40:00,1.0,9,9
2658,19/03/2022 22:50:00,1.0,9,9
2659,19/03/2022 23:00:00,1.0,9,9
2660,19/03/2022 23:10:00,1.0,9,9
2661,19/03/2022 23:20:00,1.0,9,9
2662,19/03/2022 23:30:00,1.0,9,9
2663,19/03/2022 23:40:00,1.0,9,9
2664,19/03/2022 23:50:00,1.0,9,9
2665,20/03/2022 00:00:00,1.0,9,9
2666,20/03/2022 00:10:00,1.0,9,9
2667,20/03/2022 00:20:00,1.0,9,9
2668,20/03/2022 00:30:00,1.0,9,9
2669,20/03/2022 00:40:00,1.0,9,9
2670,20/03/2022 00:50:00,1.0,9,9
2671,20/03/2022 01:00:00,1.0,9,9
2672,20/03/2022 01:10:00,1.0,9,9
2673,20/03/2022 01:20:00,1.0,9,9
2674,20/03/2022 01:30:00,1.0,9,9
2675,20/03/2022 01:40:00,1.0,9,9
2676,20/03/2022 01:50:00,1.0,9,9
2677,20/03/2022 02:00:00,1.0,9,9
2678,20/03/2022 02:10:00,1.0,9,9
2679,20/03/2022 02:20:00,1.0,9,9
2680,20/03/2022 02:30:00,1.0,9,9
2681,20/03/2022 02:40:00,1.0,9,9
2682,20/03/2022 02:50:00,1.0,9,9
2683,20/03/2022 03:00:00,1.0,9,9
2684,20/03/2022 03:10:00,1.0,9,9
2685,20/03/2022 03:20:00,1.0,9,9
2686,20/03/2022 03:30:00,1.0,9,9
2687,20/03/2022 03:40:00,1.0,9,9
2688,20/03/2022 03:50:00,1.0,9,9
2689,20/03/2022 04:00:00,1.0,9,9
2690,20/03/2022 04:10:00,1.0,9,9
2691,20/03/2022 04:20:00,1.0,9,9
2692,20/03/2022 04:30:00,1.0,9,9
2693,20/03/2022 04:40:00,1.0,9,9
2694,20/03/2022 04:50:00,1.0,9,9
2695,20/03/2022 05:00:00,1.0,9,9
2696,20/03/2022 05:10:00,1.0,9,9
2697,20/03/2022 05:20:00,1.0,9,9
2698,20/03/2022 05:30:00,1.0,9,9
2699,20/03/2022 05:40:00,1.0,9,9
2700,20/03/2022 05:50:00,1.0,9,9
2701,20/03/2022 06:00:00,1.0,9,9
2702,20/03/2022 06:10:00,1.0,9,9
2703,20/03/2022 06:20:00,1.0,9,9
2704,20/03/2022 06:30:00,1.0,9,9
2705,20/03/2022 06:40:00,1.0,9,9
2706,20/03/2022 06:50:00,1.0,9,9
2707,20/03/2022 07:00:00,1.0,9,9
2708,20/03/2022 07:10:00,1.0,9,9
2709,20/03/2022 07:20:00,1.0,9,9
2710,20/03/2022 07:30:00,1.0,9,9
2711,20/03/2022 07:40:00,1.0,9,9
2712,20/03/2022 07:50:00,1.0,9,9
2713,20/03/2022 08:00:00,1.0,9,9
2714,20/03/2022 08:10:00,1.0,9,9
2715,20/03/2022 08:20:00,1.0,9,9
2716,20/03/2022 08:30:00,1.0,9,9
2717,20/03/2022 08:40:00,1.0,9,9
2718,20/03/2022 08:50:00,1.0,9,9
2719,20/03/2022 09:00:00,1.0,9,9
2720,20/03/2022 09:10:00,1.0,9,9
2721,20/03/2022 09:20:00,1.0,9,9
2722,20/03/2022 09:30:00,1.0,9,9
2723,20/03/2022 09:40:00,1.0,9,9
2724,20/03/2022 09:50:00,1.0,9,9
2725,20/03/2022 10:00:00,1.0,9,9
2726,20/03/2022 10:10:00,1.0,9,9
2727,20/03/2022 10:20:00,1.0,9,9
2728,20/03/2022 10:30:00,1.0,10,9
2729,20/03/2022 10:40:00,1.0,9,10
2730,20/03/2022 10:50:00,1.0,9,9
2731,20/03/2022 11:00:00,1.0,9,9
2732,20/03/2022 11:10:00,1.0,9,9
2733,20/03/2022 11:20:00,1.0,9,9
2734,20/03/2022 11:30:00,1.0,9,9
2735,20/03/2022 11:40:00,1.0,9,9
2736,20/03/2022 11:50:00,1.0,9,9
2737,20/03/2022 12:00:00,1.0,9,9
2738,20/03/2022 12:10:00,1.0,9,9
2739,20/03/2022 12:20:00,1.0,9,9
2740,20/03/2022 12:30:00,1.0,9,9
2741,20/03/2022 12:40:00,1.0,9,9
2742,20/03/2022 12:50:00,1.0,9,9
2743,20/03/2022 13:00:00,1.0,9,9
2744,20/03/2022 13:10:00,1.0,9,9
2745,20/03/2022 13:20:00,1.0,9,9
2746,20/03/2022 13:30:00,1.0,9,9
2747,20/03/2022 13:40:00,1.0,9,9
2748,20/03/2022 13:50:00,1.0,9,9
2749,20/03/2022 14:00:00,1.0,9,9
2750,20/03/2022 14:10:00,1.0,9,9
2751,20/03/2022 14:20:00,1.0,9,9
2752,20/03/2022 14:30:00,1.0,9,9
2753,20/03/2022 14:40:00,1.0,9,9
2754,20/03/2022 14:50:00,1.0,9,9
2755,20/03/2022 15:00:00,1.0,9,9
2756,20/03/2022 15:10:00,1.0,9,9
2757,20/03/2022 15:20:00,1.0,9,9
2758,20/03/2022 15:30:00,1.0,9,9
2759,20/03/2022 15:40:00,1.0,9,9
2760,20/03/2022 15:50:00,1.0,9,9
2761,20/03/2022 16:00:00,1.1,9,9
2762,20/03/2022 16:10:00,1.1,9,9
2763,20/03/2022 16:20:00,1.0,9,9
2764,20/03/2022 16:30:00,1.0,9,9
2765,20/03/2022 16:40:00,1.0,9,9
2766,20/03/2022 16:50:00,1.0,9,9
2767,20/03/2022 17:00:00,1.0,9,9
2768,20/03/2022 17:10:00,1.0,9,9
2769,20/03/2022 17:20:00,1.0,9,9
2770,20/03/2022 17:30:00,1.0,9,9
2771,20/03/2022 17:40:00,1.0,9,9
2772,20/03/2022 17:50:00,1.0,9,9
2773,20/03/2022 18:00:00,1.0,9,9
2774,20/03/2022 18:10:00,1.0,9,9
2775,20/03/2022 18:20:00,1.0,9,9
2776,20/03/2022 18:30:00,1.0,9,9
2777,20/03/2022 18:40:00,1.0,9,9
2778,20/03/2022 18:50:00,1.0,9,9
2779,20/03/2022 19:00:00,1.0,9,9
2780,20/03/2022 19:10:00,1.0,9,9
2781,20/03/2022 19:20:00,1.0,9,9
2782,20/03/2022 19:30:00,1.0,9,9
2783,20/03/2022 19:40:00,1.0,9,9
2784,20/03/2022 19:50:00,1.0,9,9
2785,20/03/2022 20:00:00,1.0,9,9
2786,20/03/2022 20:10:00,1.0,9,9
2787,20/03/2022 20:20:00,1.0,9,9
2788,20/03/2022 20:30:00,1.0,9,9
2789,20/03/2022 20:40:00,1.0,9,9
2790,20/03/2022 20:50:00,1.0,9,9
2791,20/03/2022 21:00:00,1.0,9,9
2792,20/03/2022 21:10:00,1.0,9,9
2793,20/03/2022 21:20:00,1.0,9,9
2794,20/03/2022 21:30:00,1.0,9,9
2795,20/03/2022 21:40:00,1.0,9,9
2796,20/03/2022 21:50:00,1.0,9,9
2797,20/03/2022 22:00:00,1.0,9,9
2798,20/03/2022 22:10:00,1.0,9,9
2799,20/03/2022 22:20:00,1.0,9,9
2800,20/03/2022 22:30:00,1.0,9,9
2801,20/03/2022 22:40:00,1.0,9,9
2802,20/03/2022 22:50:00,1.0,9,9
2803,20/03/2022 23:00:00,1.0,9,9
2804,20/03/2022 23:10:00,1.0,9,9
2805,20/03/2022 23:20:00,1.0,9,9
2806,20/03/2022 23:30:00,1.0,9,9
2807,20/03/2022 23:40:00,1.0,9,9
2808,20/03/2022 23:50:00,1.0,9,9
2809,21/03/2022 00:00:00,1.0,9,9
2810,21/03/2022 00:10:00,1.0,9,9
2811,21/03/2022 00:20:00,1.0,9,9
2812,21/03/2022 00:30:00,1.0,9,9
2813,21/03/2022 00:40:00,1.0,9,9
2814,21/03/2022 00:50:00,1.0,9,9
2815,21/03/2022 01:00:00,1.0,9,9
2816,21/03/2022 01:10:00,1.0,9,9
2817,21/03/2022 01:20:00,1.0,9,9
2818,21/03/2022 01:30:00,1.0,9,9
2819,21/03/2022 01:40:00,1.0,9,9
2820,21/03/2022 01:50:00,1.0,9,9
2821,21/03/2022 02:00:00,1.0,9,9
2822,21/03/2022 02:10:00,1.0,9,9
2823,21/03/2022 02:20:00,1.0,9,9
2824,21/03/2022 02:30:00,1.0,9,9
2825,21/03/2022 02:40:00,1.0,9,9
2826,21/03/2022 02:50:00,1.0,9,9
2827,21/03/2022 03:00:00,1.0,9,9
2828,21/03/2022 03:10:00,1.0,9,9
2829,21/03/2022 03:20:00,1.0,9,9
2830,21/03/2022 03:30:00,1.0,9,9
2831,21/03/2022 03:40:00,1.0,9,9
2832,21/03/2022 03:50:00,1.0,9,9
2833,21/03/2022 04:00:00,1.0,9,9
2834,21/03/2022 04:10:00,1.0,9,9
2835,21/03/2022 04:20:00,1.0,9,9
2836,21/03/2022 04:30:00,1.0,9,9
2837,21/03/2022 04:40:00,1.0,9,9
2838,21/03/2022 04:50:00,1.0,9,9
2839,21/03/2022 05:00:00,1.0,9,9
2840,21/03/2022 05:10:00,1.0,9,9
2841,21/03/2022 05:20:00,1.0,9,9
2842,21/03/2022 05:30:00,1.0,9,9
2843,21/03/2022 05:40:00,1.0,9,9
2844,21/03/2022 05:50:00,1.0,9,9
2845,21/03/2022 06:00:00,1.0,9,9
2846,21/03/2022 06:10:00,1.0,9,9
2847,21/03/2022 06:20:00,1.0,9,9
2848,21/03/2022 06:30:00,1.0,9,9
2849,21/03/2022 06:40:00,1.0,9,9
2850,21/03/2022 06:50:00,1.0,9,9
2851,21/03/2022 07:00:00,1.0,9,9
2852,21/03/2022 07:10:00,1.0,9,9
2853,21/03/2022 07:20:00,1.0,9,9
2854,21/03/2022 07:30:00,1.0,9,9
2855,21/03/2022 07:40:00,1.0,9,9
2856,21/03/2022 07:50:00,1.0,9,9
2857,21/03/2022 08:00:00,1.0,9,9
2858,21/03/2022 08:10:00,1.0,9,9
2859,21/03/2022 08:20:00,1.0,9,9
2860,21/03/2022 08:30:00,1.0,9,9
2861,21/03/2022 08:40:00,1.0,9,9
2862,21/03/2022 08:50:00,1.0,9,9
2863,21/03/2022 09:00:00,1.0,9,9
2864,21/03/2022 09:10:00,1.0,9,9
2865,21/03/2022 09:20:00,1.0,9,9
2866,21/03/2022 09:30:00,1.0,9,9
2867,21/03/2022 09:40:00,1.0,9,9
2868,21/03/2022 09:50:00,1.0,9,9
2869,21/03/2022 10:00:00,1.0,9,9
2870,21/03/2022 10:10:00,1.0,9,9
2871,21/03/2022 10:20:00,1.0,9,9
2872,21/03/2022 10:30:00,1.0,9,9
2873,21/03/2022 10:40:00,1.0,9,9
2874,21/03/2022 10:50:00,1.0,9,9
2875,21/03/2022 11:00:00,1.0,9,9
2876,21/03/2022 11:10:00,1.0,9,9
2877,21/03/2022 11:20:00,1.0,9,9
2878,21/03/2022 11:30:00,1.0,9,9
2879,21/03/2022 11:40:00,1.0,9,9
2880,21/03/2022 11:50:00,1.0,9,9
2881,21/03/2022 12:00:00,1.0,9,9
2882,21/03/2022 12:10:00,1.0,9,9
2883,21/03/2022 12:20:00,1.0,9,9
2884,21/03/2022 12:30:00,1.0,9,9
2885,21/03/2022 12:40:00,1.0,9,9
2886,21/03/2022 12:50:00,1.0,9,9
2887,21/03/2022 13:00:00,1.0,9,9
2888,21/03/2022 13:10:00,1.0,9,9
2889,21/03/2022 13:20:00,1.0,9,9
2890,21/03/2022 13:30:00,1.0,9,9
2891,21/03/2022 13:40:00,1.0,9,9
2892,21/03/2022 13:50:00,1.0,9,9
2893,21/03/2022 14:00:00,1.0,9,9
2894,21/03/2022 14:10:00,1.0,9,9
2895,21/03/2022 14:20:00,1.0,9,9
2896,21/03/2022 14:30:00,1.0,9,9
2897,21/03/2022 14:40:00,1.0,9,9
2898,21/03/2022 14:50:00,1.0,9,9
2899,21/03/2022 15:00:00,1.0,9,9
2900,21/03/2022 15:10:00,1.0,9,9
2901,21/03/2022 15:20:00,1.0,9,9
2902,21/03/2022 15:30:00,1.0,9,9
2903,21/03/2022 15:40:00,1.0,9,9
2904,21/03/2022 15:50:00,1.0,9,9
2905,21/03/2022 16:00:00,1.0,9,9
2906,21/03/2022 16:10:00,1.0,9,9
2907,21/03/2022 16:20:00,1.0,9,9
2908,21/03/2022 16:30:00,1.0,9,9
2909,21/03/2022 16:40:00,1.0,9,9
2910,21/03/2022 16:50:00,1.0,9,9
2911,21/03/2022 17:00:00,1.0,9,9
2912,21/03/2022 17:10:00,1.0,9,9
2913,21/03/2022 17:20:00,1.0,9,9
2914,21/03/2022 17:30:00,1.0,9,9
2915,21/03/2022 17:40:00,1.0,9,9
2916,21/03/2022 17:50:00,1.0,9,9
2917,21/03/2022 18:00:00,1.0,9,9
2918,21/03/2022 18:10:00,1.0,9,9
2919,21/03/2022 18:20:00,1.0,9,9
2920,21/03/2022 18:30:00,1.0,9,9
2921,21/03/2022 18:40:00,1.0,9,9
2922,21/03/2022 18:50:00,1.0,9,9
2923,21/03/2022 19:00:00,1.0,9,9
2924,21/03/2022 19:10:00,1.0,9,9
2925,21/03/2022 19:20:00,1.0,9,9
2926,21/03/2022 19:30:00,1.0,9,9
2927,21/03/2022 19:40:00,1.0,9,9
2928,21/03/2022 19:50:00,1.0,9,9
2929,21/03/2022 20:00:00,1.0,9,9
2930,21/03/2022 20:10:00,1.0,9,9
2931,21/03/2022 20:20:00,1.0,9,9
2932,21/03/2022 20:30:00,1.0,9,9
2933,21/03/2022 20:40:00,1.0,9,9
2934,21/03/2022 20:50:00,1.0,9,9
2935,21/03/2022 21:00:00,1.0,9,9
2936,21/03/2022 21:10:00,1.0,9,9
2937,21/03/2022 21:20:00,1.0,9,9
2938,21/03/2022 21:30:00,1.0,9,9
2939,21/03/2022 21:40:00,1.0,9,9
2940,21/03/2022 21:50:00,1.0,9,9
2941,21/03/2022 22:00:00,1.0,9,9
2942,21/03/2022 22:10:00,1.0,9,9
2943,21/03/2022 22:20:00,1.0,9,9
2944,21/03/2022 22:30:00,1.0,9,9
2945,21/03/2022 22:40:00,1.0,9,9
2946,21/03/2022 22:50:00,1.0,9,9
2947,21/03/2022 23:00:00,1.0,9,9
2948,21/03/2022 23:10:00,1.0,9,9
2949,21/03/2022 23:20:00,1.0,9,9
2950,21/03/2022 23:30:00,1.0,9,9
2951,21/03/2022 23:40:00,1.0,9,9
2952,21/03/2022 23:50:00,1.0,9,9
2953,22/03/2022 00:00:00,1.0,9,9
2954,22/03/2022 00:10:00,1.0,9,9
2955,22/03/2022 00:20:00,1.0,9,9
2956,22/03/2022 00:30:00,1.0,9,9
2957,22/03/2022 00:40:00,1.0,9,9
2958,22/03/2022 00:50:00,1.0,9,9
2959,22/03/2022 01:00:00,1.0,9,9
2960,22/03/2022 01:10:00,1.0,9,9
2961,22/03/2022 01:20:00,1.0,9,9
2962,22/03/2022 01:30:00,1.0,9,9
2963,22/03/2022 01:40:00,1.0,9,9
2964,22/03/2022 01:50:00,1.0,9,9
2965,22/03/2022 02:00:00,1.0,9,9
2966,22/03/2022 02:10:00,1.0,9,9
2967,22/03/2022 02:20:00,1.0,9,9
2968,22/03/2022 02:30:00,1.0,9,9
2969,22/03/2022 02:40:00,1.0,9,9
2970,22/03/2022 02:50:00,1.0,9,9
2971,22/03/2022 03:00:00,1.0,9,9
2972,22/03/2022 03:10:00,1.0,9,9
2973,22/03/2022 03:20:00,1.0,9,9
2974,22/03/2022 03:30:00,1.0,9,9
2975,22/03/2022 03:40:00,1.0,9,9
2976,22/03/2022 03:50:00,1.0,9,9
2977,22/03/2022 04:00:00,1.0,9,9
2978,22/03/2022 04:10:00,1.0,9,9
2979,22/03/2022 04:20:00,1.0,9,9
2980,22/03/2022 04:30:00,1.0,9,9
2981,22/03/2022 04:40:00,1.0,9,9
2982,22/03/2022 04:50:00,1.0,9,9
2983,22/03/2022 05:00:00,1.0,9,9
2984,22/03/2022 05:10:00,1.0,9,9
2985,22/03/2022 05:20:00,1.0,9,9
2986,22/03/2022 05:30:00,1.0,9,9
2987,22/03/2022 05:40:00,1.0,9,9
2988,22/03/2022 05:50:00,1.0,9,9
2989,22/03/2022 06:00:00,1.0,9,9
2990,22/03/2022 06:10:00,1.0,9,9
2991,22/03/2022 06:20:00,1.0,9,9
2992,22/03/2022 06:30:00,1.0,9,9
2993,22/03/2022 06:40:00,1.0,9,9
2994,22/03/2022 06:50:00,1.0,9,9
2995,22/03/2022 07:00:00,1.0,9,9
2996,22/03/2022 07:10:00,1.0,9,9
2997,22/03/2022 07:20:00,1.0,9,9
2998,22/03/2022 07:30:00,1.0,9,9
2999,22/03/2022 07:40:00,1.0,9,9
3000,22/03/2022 07:50:00,1.0,9,9
3001,22/03/2022 08:00:00,1.0,9,9
3002,22/03/2022 08:10:00,1.0,9,9
3003,22/03/2022 08:20:00,1.0,9,9
3004,22/03/2022 08:30:00,1.0,9,9
3005,22/03/2022 08:40:00,1.0,9,9
3006,22/03/2022 08:50:00,1.0,9,9
3007,22/03/2022 09:00:00,1.0,9,9
3008,22/03/2022 09:10:00,1.0,9,9
3009,22/03/2022 09:20:00,1.0,9,9
3010,22/03/2022 09:30:00,1.0,9,9
3011,22/03/2022 09:40:00,1.0,9,9
3012,22/03/2022 09:50:00,1.0,9,9
3013,22/03/2022 10:00:00,1.0,9,9
3014,22/03/2022 10:10:00,1.0,9,9
3015,22/03/2022 10:20:00,1.0,9,9
3016,22/03/2022 10:30:00,1.0,9,9
3017,22/03/2022 10:40:00,1.0,9,9
3018,22/03/2022 10:50:00,1.0,9,9
3019,22/03/2022 11:00:00,1.0,9,9
3020,22/03/2022 11:10:00,1.0,9,9
3021,22/03/2022 11:20:00,1.0,9,9
3022,22/03/2022 11:30:00,1.0,9,9
3023,22/03/2022 11:40:00,1.0,9,9
3024,22/03/2022 11:50:00,1.0,9,9
3025,22/03/2022 12:00:00,1.0,9,9
3026,22/03/2022 12:10:00,1.0,9,9
3027,22/03/2022 12:20:00,1.0,9,9
3028,22/03/2022 12:30:00,1.0,9,9
3029,22/03/2022 12:40:00,1.0,9,9
3030,22/03/2022 12:50:00,1.0,9,9
3031,22/03/2022 13:00:00,1.0,9,9
3032,22/03/2022 13:10:00,1.0,9,9
3033,22/03/2022 13:20:00,1.0,9,9
3034,22/03/2022 13:30:00,1.0,9,9
3035,22/03/2022 13:40:00,1.0,9,9
3036,22/03/2022 13:50:00,1.0,9,9
3037,22/03/2022 14:00:00,1.0,9,9
3038,22/03/2022 14:10:00,1.0,9,9
3039,22/03/2022 14:20:00,1.0,9,9
3040,22/03/2022 14:30:00,1.0,9,9
3041,22/03/2022 14:40:00,1.0,9,9
3042,22/03/2022 14:50:00,1.0,9,9
3043,22/03/2022 15:00:00,1.0,9,9
3044,22/03/2022 15:10:00,1.0,9,9
3045,22/03/2022 15:20:00,1.0,9,9
3046,22/03/2022 15:30:00,1.0,9,9
3047,22/03/2022 15:40:00,1.0,9,9
3048,22/03/2022 15:50:00,1.0,9,9
3049,22/03/2022 16:00:00,1.0,9,9
3050,22/03/2022 16:10:00,1.0,9,9
3051,22/03/2022 16:20:00,1.0,9,9
3052,22/03/2022 16:30:00,1.0,9,9
3053,22/03/2022 16:40:00,1.0,9,9
3054,22/03/2022 16:50:00,1.0,9,9
3055,22/03/2022 17:00:00,1.0,9,9
3056,22/03/2022 17:10:00,1.0,9,9
3057,22/03/2022 17:20:00,1.0,9,9
3058,22/03/2022 17:30:00,1.0,9,9
3059,22/03/2022 17:40:00,1.0,9,9
3060,22/03/2022 17:50:00,1.0,9,9
3061,22/03/2022 18:00:00,1.0,9,9
3062,22/03/2022 18:10:00,1.0,9,9
3063,22/03/2022 18:20:00,1.0,9,9
3064,22/03/2022 18:30:00,1.0,9,9
3065,22/03/2022 18:40:00,1.0,9,9
3066,22/03/2022 18:50:00,1.0,9,9
3067,22/03/2022 19:00:00,1.0,9,9
3068,22/03/2022 19:10:00,1.0,9,9
3069,22/03/2022 19:20:00,1.0,9,9
3070,22/03/2022 19:30:00,1.0,9,9
3071,22/03/2022 19:40:00,1.0,9,9
3072,22/03/2022 19:50:00,1.0,9,9
3073,22/03/2022 20:00:00,1.0,9,9
3074,22/03/2022 20:10:00,1.0,9,9
3075,22/03/2022 20:20:00,1.0,9,9
3076,22/03/2022 20:30:00,1.0,9,9
3077,22/03/2022 20:40:00,1.0,9,9
3078,22/03/2022 20:50:00,1.0,9,9
3079,22/03/2022 21:00:00,1.0,9,9
3080,22/03/2022 21:10:00,1.0,9,9
3081,22/03/2022 21:20:00,1.0,9,9
3082,22/03/2022 21:30:00,1.0,9,9
3083,22/03/2022 21:40:00,1.0,9,9
3084,22/03/2022 21:50:00,1.0,9,9
3085,22/03/2022 22:00:00,1.0,9,9
3086,22/03/2022 22:10:00,1.0,9,9
3087,22/03/2022 22:20:00,1.0,9,9
3088,22/03/2022 22:30:00,1.0,9,9
3089,22/03/2022 22:40:00,1.0,9,9
3090,22/03/2022 22:50:00,1.0,9,9
3091,22/03/2022 23:00:00,1.0,9,9
3092,22/03/2022 23:10:00,1.0,9,9
3093,22/03/2022 23:20:00,1.0,9,9
3094,22/03/2022 23:30:00,1.0,9,9
3095,22/03/2022 23:40:00,1.0,9,9
3096,22/03/2022 23:50:00,1.0,9,9
3097,23/03/2022 00:00:00,1.0,9,9
3098,23/03/2022 00:10:00,1.0,9,9
3099,23/03/2022 00:20:00,1.0,9,9
3100,23/03/2022 00:30:00,1.0,9,9
3101,23/03/2022 00:40:00,1.0,9,9
3102,23/03/2022 00:50:00,1.0,9,9
3103,23/03/2022 01:00:00,1.0,9,9
3104,23/03/2022 01:10:00,1.0,9,9
3105,23/03/2022 01:20:00,1.0,9,9
3106,23/03/2022 01:30:00,1.0,9,9
3107,23/03/2022 01:40:00,1.0,9,9
3108,23/03/2022 01:50:00,1.0,9,9
3109,23/03/2022 02:00:00,1.0,9,9
3110,23/03/2022 02:10:00,1.0,9,9
3111,23/03/2022 02:20:00,1.0,9,9
3112,23/03/2022 02:30:00,1.0,9,9
3113,23/03/2022 02:40:00,1.0,9,9
3114,23/03/2022 02:50:00,1.0,9,9
3115,23/03/2022 03:00:00,1.0,9,9
3116,23/03/2022 03:10:00,1.0,9,9
3117,23/03/2022 03:20:00,1.0,9,9
3118,23/03/2022 03:30:00,1.0,9,9
3119,23/03/2022 03:40:00,1.0,9,9
3120,23/03/2022 03:50:00,1.0,9,9
3121,23/03/2022 04:00:00,1.0,9,9
3122,23/03/2022 04:10:00,1.0,9,9
3123,23/03/2022 04:20:00,1.0,9,9
3124,23/03/2022 04:30:00,1.0,9,9
3125,23/03/2022 04:40:00,1.0,9,9
3126,23/03/2022 04:50:00,1.0,9,9
3127,23/03/2022 05:00:00,1.0,9,9
3128,23/03/2022 05:10:00,1.0,9,9
3129,23/03/2022 05:20:00,1.0,9,9
3130,23/03/2022 05:30:00,1.0,9,9
3131,23/03/2022 05:40:00,1.0,9,9
3132,23/03/2022 05:50:00,1.0,9,9
3133,23/03/2022 06:00:00,1.0,9,9
3134,23/03/2022 06:10:00,1.0,9,9
3135,23/03/2022 06:20:00,1.0,9,9
3136,23/03/2022 06:30:00,1.0,9,9
3137,23/03/2022 06:40:00,1.0,9,9
3138,23/03/2022 06:50:00,1.0,9,9
3139,23/03/2022 07:00:00,1.0,9,9
3140,23/03/2022 07:10:00,1.0,9,9
3141,23/03/2022 07:20:00,1.0,9,9
3142,23/03/2022 07:30:00,1.0,9,9
3143,23/03/2022 07:40:00,1.0,9,9
3144,23/03/2022 07:50:00,1.0,9,9
3145,23/03/2022 08:00:00,1.0,9,9
3146,23/03/2022 08:10:00,1.0,9,9
3147,23/03/2022 08:20:00,1.0,9,9
3148,23/03/2022 08:30:00,1.0,9,9
3149,23/03/2022 08:40:00,1.0,9,9
3150,23/03/2022 08:50:00,1.0,9,9
3151,23/03/2022 09:00:00,1.0,9,9
3152,23/03/2022 09:10:00,1.0,9,9
3153,23/03/2022 09:20:00,1.0,9,9
3154,23/03/2022 09:30:00,1.0,9,9
3155,23/03/2022 09:40:00,1.0,9,9
3156,23/03/2022 09:50:00,1.0,9,9
3157,23/03/2022 10:00:00,1.0,9,9
3158,23/03/2022 10:10:00,1.0,9,9
3159,23/03/2022 10:20:00,1.0,9,9
3160,23/03/2022 10:30:00,1.0,9,9
3161,23/03/2022 10:40:00,1.0,9,9
3162,23/03/2022 10:50:00,1.0,9,9
3163,23/03/2022 11:00:00,1.0,9,9
3164,23/03/2022 11:10:00,1.0,9,9
3165,23/03/2022 11:20:00,1.0,9,9
3166,23/03/2022 11:30:00,1.0,9,9
3167,23/03/2022 11:40:00,1.0,9,9
3168,23/03/2022 11:50:00,1.0,9,9
3169,23/03/2022 12:00:00,1.0,9,9
3170,23/03/2022 12:10:00,1.0,9,9
3171,23/03/2022 12:20:00,1.0,9,9
3172,23/03/2022 12:30:00,1.0,9,9
3173,23/03/2022 12:40:00,1.0,9,9
3174,23/03/2022 12:50:00,1.0,9,9
3175,23/03/2022 13:00:00,1.0,9,9
3176,23/03/2022 13:10:00,1.0,9,9
3177,23/03/2022 13:20:00,1.0,9,9
3178,23/03/2022 13:30:00,1.0,9,9
3179,23/03/2022 13:40:00,1.0,9,9
3180,23/03/2022 13:50:00,1.0,9,9
3181,23/03/2022 14:00:00,1.0,9,9
3182,23/03/2022 14:10:00,1.0,9,9
3183,23/03/2022 14:20:00,1.0,9,9
3184,23/03/2022 14:30:00,1.0,9,9
3185,23/03/2022 14:40:00,1.0,9,9
3186,23/03/2022 14:50:00,1.0,9,9
3187,23/03/2022 15:00:00,1.0,9,9
3188,23/03/2022 15:10:00,1.0,9,9
3189,23/03/2022 15:20:00,1.0,9,9
3190,23/03/2022 15:30:00,1.0,9,9
3191,23/03/2022 15:40:00,1.0,9,9
3192,23/03/2022 15:50:00,1.0,9,9
3193,23/03/2022 16:00:00,1.0,9,9
3194,23/03/2022 16:10:00,1.0,9,9
3195,23/03/2022 16:20:00,1.0,9,9
3196,23/03/2022 16:30:00,1.0,9,9
3197,23/03/2022 16:40:00,1.0,9,9
3198,23/03/2022 16:50:00,1.0,9,9
3199,23/03/2022 17:00:00,1.0,9,9
3200,23/03/2022 17:10:00,1.0,9,9
3201,23/03/2022 17:20:00,1.0,9,9
3202,23/03/2022 17:30:00,1.0,9,9
3203,23/03/2022 17:40:00,1.0,9,9
3204,23/03/2022 17:50:00,1.0,9,9
3205,23/03/2022 18:00:00,1.0,9,9
3206,23/03/2022 18:10:00,1.0,9,9
3207,23/03/2022 18:20:00,1.0,9,9
3208,23/03/2022 18:30:00,1.0,9,9
3209,23/03/2022 18:40:00,1.0,9,9
3210,23/03/2022 18:50:00,1.0,9,9
3211,23/03/2022 19:00:00,1.0,9,9
3212,23/03/2022 19:10:00,1.0,9,9
3213,23/03/2022 19:20:00,1.0,9,9
3214,23/03/2022 19:30:00,1.0,9,9
3215,23/03/2022 19:40:00,1.0,9,9
3216,23/03/2022 19:50:00,1.0,9,9
3217,23/03/2022 20:00:00,1.0,9,9
3218,23/03/2022 20:10:00,1.0,9,9
3219,23/03/2022 20:20:00,1.0,9,9
3220,23/03/2022 20:30:00,1.0,9,9
3221,23/03/2022 20:40:00,1.0,9,9
3222,23/03/2022 20:50:00,1.0,9,9
3223,23/03/2022 21:00:00,1.0,9,9
3224,23/03/2022 21:10:00,1.0,9,9
3225,23/03/2022 21:20:00,1.0,9,9
3226,23/03/2022 21:30:00,1.0,9,9
3227,23/03/2022 21:40:00,1.0,9,9
3228,23/03/2022 21:50:00,1.0,9,9
3229,23/03/2022 22:00:00,1.0,9,9
3230,23/03/2022 22:10:00,1.0,9,9
3231,23/03/2022 22:20:00,1.0,9,9
3232,23/03/2022 22:30:00,1.0,9,9
3233,23/03/2022 22:40:00,1.0,9,9
3234,23/03/2022 22:50:00,1.0,9,9
3235,23/03/2022 23:00:00,1.0,9,9
3236,23/03/2022 23:10:00,1.0,9,9
3237,23/03/2022 23:20:00,1.0,9,9
3238,23/03/2022 23:30:00,1.0,9,9
3239,23/03/2022 23:40:00,1.0,9,9
3240,23/03/2022 23:50:00,1.0,9,9
3241,24/03/2022 00:00:00,1.0,9,9
3242,24/03/2022 00:10:00,1.0,9,9
3243,24/03/2022 00:20:00,1.0,9,9
3244,24/03/2022 00:30:00,1.0,9,9
3245,24/03/2022 00:40:00,1.0,9,9
3246,24/03/2022 00:50:00,1.0,9,9
3247,24/03/2022 01:00:00,1.0,9,9
3248,24/03/2022 01:10:00,1.0,9,9
3249,24/03/2022 01:20:00,1.0,9,9
3250,24/03/2022 01:30:00,1.0,9,9
3251,24/03/2022 01:40:00,1.0,9,9
3252,24/03/2022 01:50:00,1.0,9,9
3253,24/03/2022 02:00:00,1.0,9,9
3254,24/03/2022 02:10:00,1.0,9,9
3255,24/03/2022 02:20:00,1.0,9,9
3256,24/03/2022 02:30:00,1.0,9,9
3257,24/03/2022 02:40:00,1.0,9,9
3258,24/03/2022 02:50:00,1.0,9,9
3259,24/03/2022 03:00:00,1.0,9,9
3260,24/03/2022 03:10:00,1.0,9,9
3261,24/03/2022 03:20:00,1.0,9,9
3262,24/03/2022 03:30:00,1.0,9,9
3263,24/03/2022 03:40:00,1.0,9,9
3264,24/03/2022 03:50:00,1.0,9,9
3265,24/03/2022 04:00:00,1.0,9,9
3266,24/03/2022 04:10:00,1.0,9,9
3267,24/03/2022 04:20:00,1.0,9,9
3268,24/03/2022 04:30:00,1.0,9,9
3269,24/03/2022 04:40:00,1.0,9,9
3270,24/03/2022 04:50:00,1.0,9,9
3271,24/03/2022 05:00:00,1.0,9,9
3272,24/03/2022 05:10:00,1.0,9,9
3273,24/03/2022 05:20:00,1.0,9,9
3274,24/03/2022 05:30:00,1.0,9,9
3275,24/03/2022 05:40:00,1.0,9,9
3276,24/03/2022 05:50:00,1.0,9,9
3277,24/03/2022 06:00:00,1.0,9,9
3278,24/03/2022 06:10:00,1.0,9,9
3279,24/03/2022 06:20:00,1.0,9,9
3280,24/03/2022 06:30:00,1.0,9,9
3281,24/03/2022 06:40:00,1.0,9,9
3282,24/03/2022 06:50:00,1.0,9,9
3283,24/03/2022 07:00:00,1.0,9,9
3284,24/03/2022 07:10:00,1.0,9,9
3285,24/03/2022 07:20:00,1.0,9,9
3286,24/03/2022 07:30:00,1.0,9,9
3287,24/03/2022 07:40:00,1.0,9,9
3288,24/03/2022 07:50:00,1.0,9,9
3289,24/03/2022 08:00:00,1.0,9,9
3290,24/03/2022 08:10:00,1.0,9,9
3291,24/03/2022 08:20:00,1.0,9,9
3292,24/03/2022 08:30:00,1.0,9,9
3293,24/03/2022 08:40:00,1.0,9,9
3294,24/03/2022 08:50:00,1.0,9,9
3295,24/03/2022 09:00:00,1.0,9,9
3296,24/03/2022 09:10:00,1.0,9,9
3297,24/03/2022 09:20:00,1.0,9,9
3298,24/03/2022 09:30:00,1.0,9,9
3299,24/03/2022 09:40:00,1.0,9,9
3300,24/03/2022 09:50:00,1.0,9,9
3301,24/03/2022 10:00:00,1.0,9,9
3302,24/03/2022 10:10:00,1.0,9,9
3303,24/03/2022 10:20:00,1.0,9,9
3304,24/03/2022 10:30:00,1.0,9,9
3305,24/03/2022 10:40:00,1.0,9,9
3306,24/03/2022 10:50:00,1.0,9,9
3307,24/03/2022 11:00:00,1.0,9,9
3308,24/03/2022 11:10:00,1.0,9,9
3309,24/03/2022 11:20:00,1.0,9,9
3310,24/03/2022 11:30:00,1.0,9,9
3311,24/03/2022 11:40:00,1.0,9,9
3312,24/03/2022 11:50:00,1.0,9,9
3313,24/03/2022 12:00:00,1.0,9,9
3314,24/03/2022 12:10:00,1.0,9,9
3315,24/03/2022 12:20:00,1.0,9,9
3316,24/03/2022 12:30:00,1.0,9,9
3317,24/03/2022 12:40:00,1.0,9,9
3318,24/03/2022 12:50:00,1.0,9,9
3319,24/03/2022 13:00:00,1.0,9,9
3320,24/03/2022 13:10:00,1.0,9,9
3321,24/03/2022 13:20:00,1.0,9,9
3322,24/03/2022 13:30:00,1.0,9,9
3323,24/03/2022 13:40:00,1.0,9,9
3324,24/03/2022 13:50:00,1.0,9,9
3325,24/03/2022 14:00:00,1.0,9,9
3326,24/03/2022 14:10:00,1.0,9,9
3327,24/03/2022 14:20:00,1.0,9,9
3328,24/03/2022 14:30:00,1.0,9,9
3329,24/03/2022 14:40:00,1.0,9,9
3330,24/03/2022 14:50:00,1.0,9,9
3331,24/03/2022 15:00:00,1.0,9,9
3332,24/03/2022 15:10:00,1.0,9,9
3333,24/03/2022 15:20:00,1.0,9,9
3334,24/03/2022 15:30:00,1.0,9,9
3335,24/03/2022 15:40:00,1.0,9,9
3336,24/03/2022 15:50:00,1.0,9,9
3337,24/03/2022 16:00:00,1.0,9,9
3338,24/03/2022 16:10:00,1.0,9,9
3339,24/03/2022 16:20:00,1.0,9,9
3340,24/03/2022 16:30:00,1.0,9,9
3341,24/03/2022 16:40:00,1.0,9,9
3342,24/03/2022 16:50:00,1.0,9,9
3343,24/03/2022 17:00:00,1.0,9,9
3344,24/03/2022 17:10:00,1.0,9,9
3345,24/03/2022 17:20:00,1.0,9,9
3346,24/03/2022 17:30:00,1.0,9,9
3347,24/03/2022 17:40:00,1.0,9,9
3348,24/03/2022 17:50:00,1.0,9,9
3349,24/03/2022 18:00:00,1.0,9,9
3350,24/03/2022 18:10:00,1.0,9,9
3351,24/03/2022 18:20:00,1.0,9,9
3352,24/03/2022 18:30:00,1.0,9,9
3353,24/03/2022 18:40:00,1.0,9,9
3354,24/03/2022 18:50:00,1.0,9,9
3355,24/03/2022 19:00:00,1.0,9,9
3356,24/03/2022 19:10:00,1.0,9,9
3357,24/03/2022 19:20:00,1.0,9,9
3358,24/03/2022 19:30:00,1.0,9,9
3359,24/03/2022 19:40:00,1.0,9,9
3360,24/03/2022 19:50:00,1.0,9,9
3361,24/03/2022 20:00:00,1.0,9,9
3362,24/03/2022 20:10:00,1.0,9,9
3363,24/03/2022 20:20:00,1.0,9,9
3364,24/03/2022 20:30:00,1.0,9,9
3365,24/03/2022 20:40:00,1.0,9,9
3366,24/03/2022 20:50:00,1.0,9,9
3367,24/03/2022 21:00:00,1.0,9,9
3368,24/03/2022 21:10:00,1.0,9,9
3369,24/03/2022 21:20:00,1.0,9,9
3370,24/03/2022 21:30:00,1.0,9,9
3371,24/03/2022 21:40:00,1.0,9,9
3372,24/03/2022 21:50:00,1.0,9,9
3373,24/03/2022 22:00:00,1.0,9,9
3374,24/03/2022 22:10:00,1.0,9,9
3375,24/03/2022 22:20:00,1.0,9,9
3376,24/03/2022 22:30:00,1.0,9,9
3377,24/03/2022 22:40:00,1.0,9,9
3378,24/03/2022 22:50:00,1.0,9,9
3379,24/03/2022 23:00:00,1.0,9,9
3380,24/03/2022 23:10:00,1.0,9,9
3381,24/03/2022 23:20:00,1.0,9,9
3382,24/03/2022 23:30:00,1.0,9,9
3383,24/03/2022 23:40:00,1.0,9,9
3384,24/03/2022 23:50:00,1.0,9,9
3385,25/03/2022 00:00:00,1.0,9,9
3386,25/03/2022 00:10:00,1.0,9,9
3387,25/03/2022 00:20:00,1.0,9,9
3388,25/03/2022 00:30:00,1.0,9,9
3389,25/03/2022 00:40:00,1.0,9,9
3390,25/03/2022 00:50:00,1.0,9,9
3391,25/03/2022 01:00:00,1.0,9,9
3392,25/03/2022 01:10:00,1.0,9,9
3393,25/03/2022 01:20:00,1.0,9,9
3394,25/03/2022 01:30:00,1.0,9,9
3395,25/03/2022 01:40:00,1.0,9,9
3396,25/03/2022 01:50:00,1.0,9,9
3397,25/03/2022 02:00:00,1.0,9,9
3398,25/03/2022 02:10:00,1.0,9,9
3399,25/03/2022 02:20:00,1.0,9,9
3400,25/03/2022 02:30:00,1.0,9,9
3401,25/03/2022 02:40:00,1.0,9,9
3402,25/03/2022 02:50:00,1.0,9,9
3403,25/03/2022 03:00:00,1.0,9,9
3404,25/03/2022 03:10:00,1.0,9,9
3405,25/03/2022 03:20:00,1.0,9,9
3406,25/03/2022 03:30:00,1.0,9,9
3407,25/03/2022 03:40:00,1.0,9,9
3408,25/03/2022 03:50:00,1.0,9,9
3409,25/03/2022 04:00:00,1.0,9,9
3410,25/03/2022 04:10:00,1.0,9,9
3411,25/03/2022 04:20:00,1.0,9,9
3412,25/03/2022 04:30:00,1.0,9,9
3413,25/03/2022 04:40:00,1.0,9,9
3414,25/03/2022 04:50:00,1.0,9,9
3415,25/03/2022 05:00:00,1.0,9,9
3416,25/03/2022 05:10:00,1.0,9,9
3417,25/03/2022 05:20:00,1.0,9,9
3418,25/03/2022 05:30:00,1.0,9,9
3419,25/03/2022 05:40:00,1.0,9,9
3420,25/03/2022 05:50:00,1.0,9,9
3421,25/03/2022 06:00:00,1.0,9,9
3422,25/03/2022 06:10:00,1.0,9,9
3423,25/03/2022 06:20:00,1.0,9,9
3424,25/03/2022 06:30:00,1.0,9,9
3425,25/03/2022 06:40:00,1.0,9,9
3426,25/03/2022 06:50:00,1.0,9,9
3427,25/03/2022 07:00:00,1.0,9,9
3428,25/03/2022 07:10:00,1.0,9,9
3429,25/03/2022 07:20:00,1.0,9,9
3430,25/03/2022 07:30:00,1.0,9,9
3431,25/03/2022 07:40:00,1.0,9,9
3432,25/03/2022 07:50:00,1.0,9,9
3433,25/03/2022 08:00:00,1.0,9,9
3434,25/03/2022 08:10:00,1.0,9,9
3435,25/03/2022 08:20:00,1.0,9,9
3436,25/03/2022 08:30:00,1.0,9,9
3437,25/03/2022 08:40:00,1.0,9,9
3438,25/03/2022 08:50:00,1.0,9,9
3439,25/03/2022 09:00:00,1.0,9,9
3440,25/03/2022 09:10:00,1.0,9,9
3441,25/03/2022 09:20:00,1.0,9,9
3442,25/03/2022 09:30:00,1.0,9,9
3443,25/03/2022 09:40:00,1.0,9,9
3444,25/03/2022 09:50:00,1.0,9,9
3445,25/03/2022 10:00:00,1.0,9,9
3446,25/03/2022 10:10:00,1.0,9,9
3447,25/03/2022 10:20:00,1.0,9,9
3448,25/03/2022 10:30:00,1.0,9,9
3449,25/03/2022 10:40:00,1.0,9,9
3450,25/03/2022 10:50:00,1.0,9,9
3451,25/03/2022 11:00:00,1.0,9,9
3452,25/03/2022 11:10:00,1.0,9,9
3453,25/03/2022 11:20:00,1.0,9,9
3454,25/03/2022 11:30:00,1.0,9,9
3455,25/03/2022 11:40:00,1.0,9,9
3456,25/03/2022 11:50:00,1.0,9,9
3457,25/03/2022 12:00:00,1.0,9,9
3458,25/03/2022 12:10:00,1.0,9,9
3459,25/03/2022 12:20:00,1.0,9,9
3460,25/03/2022 12:30:00,1.0,9,9
3461,25/03/2022 12:40:00,1.0,9,9
3462,25/03/2022 12:50:00,1.0,9,9
3463,25/03/2022 13:00:00,1.0,9,9
3464,25/03/2022 13:10:00,1.0,9,9
3465,25/03/2022 13:20:00,1.0,9,9
3466,25/03/2022 13:30:00,1.0,9,9
3467,25/03/2022 13:40:00,1.1,9,9
3468,25/03/2022 13:50:00,1.0,9,9
3469,25/03/2022 14:00:00,1.0,9,9
3470,25/03/2022 14:10:00,1.0,9,9
3471,25/03/2022 14:20:00,1.0,9,9
3472,25/03/2022 14:30:00,1.0,9,9
3473,25/03/2022 14:40:00,1.0,9,9
3474,25/03/2022 14:50:00,1.0,9,9
3475,25/03/2022 15:00:00,1.0,9,9
3476,25/03/2022 15:10:00,1.0,9,9
3477,25/03/2022 15:20:00,1.0,9,9
3478,25/03/2022 15:30:00,1.0,9,9
3479,25/03/2022 15:40:00,1.0,9,9
3480,25/03/2022 15:50:00,1.0,9,9
3481,25/03/2022 16:00:00,1.0,9,9
3482,25/03/2022 16:10:00,1.0,9,9
3483,25/03/2022 16:20:00,1.0,9,9
3484,25/03/2022 16:30:00,1.0,9,9
3485,25/03/2022 16:40:00,1.0,9,9
3486,25/03/2022 16:50:00,1.0,9,9
3487,25/03/2022 17:00:00,1.0,9,9
3488,25/03/2022 17:10:00,1.0,9,9
3489,25/03/2022 17:20:00,1.0,9,9
3490,25/03/2022 17:30:00,1.0,9,9
3491,25/03/2022 17:40:00,1.0,9,9
3492,25/03/2022 17:50:00,1.0,9,9
3493,25/03/2022 18:00:00,1.0,9,9
3494,25/03/2022 18:10:00,1.0,9,9
3495,25/03/2022 18:20:00,1.0,9,9
3496,25/03/2022 18:30:00,1.0,9,9
3497,25/03/2022 18:40:00,1.0,9,9
3498,25/03/2022 18:50:00,1.0,9,9
3499,25/03/2022 19:00:00,1.0,9,9
3500,25/03/2022 19:10:00,1.0,9,9
3501,25/03/2022 19:20:00,1.0,9,9
3502,25/03/2022 19:30:00,1.0,9,9
3503,25/03/2022 19:40:00,1.0,9,9
3504,25/03/2022 19:50:00,1.0,9,9
3505,25/03/2022 20:00:00,1.0,9,9
3506,25/03/2022 20:10:00,1.0,9,9
3507,25/03/2022 20:20:00,1.0,9,9
3508,25/03/2022 20:30:00,1.0,9,9
3509,25/03/2022 20:40:00,1.0,9,9
3510,25/03/2022 20:50:00,1.0,9,9
3511,25/03/2022 21:00:00,1.0,9,9
3512,25/03/2022 21:10:00,1.0,9,9
3513,25/03/2022 21:20:00,1.0,9,9
3514,25/03/2022 21:30:00,1.0,9,9
3515,25/03/2022 21:40:00,1.0,9,9
3516,25/03/2022 21:50:00,1.0,9,9
3517,25/03/2022 22:00:00,1.0,9,9
3518,25/03/2022 22:10:00,1.0,9,9
3519,25/03/2022 22:20:00,1.0,9,9
3520,25/03/2022 22:30:00,1.0,9,9
3521,25/03/2022 22:40:00,1.0,9,9
3522,25/03/2022 22:50:00,1.0,9,9
3523,25/03/2022 23:00:00,1.0,9,9
3524,25/03/2022 23:10:00,1.0,9,9
3525,25/03/2022 23:20:00,1.0,9,9
3526,25/03/2022 23:30:00,1.0,9,9
3527,25/03/2022 23:40:00,1.0,9,9
3528,25/03/2022 23:50:00,1.0,9,9
3529,26/03/2022 00:00:00,1.0,9,9
3530,26/03/2022 00:10:00,1.0,9,9
3531,26/03/2022 00:20:00,1.0,9,9
3532,26/03/2022 00:30:00,1.0,9,9
3533,26/03/2022 00:40:00,1.0,9,9
3534,26/03/2022 00:50:00,1.0,9,9
3535,26/03/2022 01:00:00,1.0,9,9
3536,26/03/2022 01:10:00,1.0,9,9
3537,26/03/2022 01:20:00,1.0,9,9
3538,26/03/2022 01:30:00,1.0,9,9
3539,26/03/2022 01:40:00,1.0,9,9
3540,26/03/2022 01:50:00,1.0,9,9
3541,26/03/2022 02:00:00,1.0,9,9
3542,26/03/2022 02:10:00,1.0,9,9
3543,26/03/2022 02:20:00,1.0,9,9
3544,26/03/2022 02:30:00,1.0,9,9
3545,26/03/2022 02:40:00,1.0,9,9
3546,26/03/2022 02:50:00,1.0,9,9
3547,26/03/2022 03:00:00,1.0,9,9
3548,26/03/2022 03:10:00,1.0,9,9
3549,26/03/2022 03:20:00,1.0,9,9
3550,26/03/2022 03:30:00,1.0,9,9
3551,26/03/2022 03:40:00,1.0,9,9
3552,26/03/2022 03:50:00,1.0,9,9
3553,26/03/2022 04:00:00,1.0,9,9
3554,26/03/2022 04:10:00,1.0,9,9
3555,26/03/2022 04:20:00,1.0,9,9
3556,26/03/2022 04:30:00,1.0,9,9
3557,26/03/2022 04:40:00,1.0,9,9
3558,26/03/2022 04:50:00,1.0,9,9
3559,26/03/2022 05:00:00,1.0,9,9
3560,26/03/2022 05:10:00,1.0,9,9
3561,26/03/2022 05:20:00,1.0,9,9
3562,26/03/2022 05:30:00,1.0,9,9
3563,26/03/2022 05:40:00,1.0,9,9
3564,26/03/2022 05:50:00,1.0,9,9
3565,26/03/2022 06:00:00,1.0,9,9
3566,26/03/2022 06:10:00,1.0,9,9
3567,26/03/2022 06:20:00,1.0,9,9
3568,26/03/2022 06:30:00,1.0,9,9
3569,26/03/2022 06:40:00,1.0,9,9
3570,26/03/2022 06:50:00,1.0,9,9
3571,26/03/2022 07:00:00,1.0,9,9
3572,26/03/2022 07:10:00,1.0,9,9
3573,26/03/2022 07:20:00,1.0,9,9
3574,26/03/2022 07:30:00,1.0,9,9
3575,26/03/2022 07:40:00,1.0,9,9
3576,26/03/2022 07:50:00,1.0,9,9
3577,26/03/2022 08:00:00,1.0,9,9
3578,26/03/2022 08:10:00,1.0,9,9
3579,26/03/2022 08:20:00,1.0,9,9
3580,26/03/2022 08:30:00,1.0,9,9
3581,26/03/2022 08:40:00,1.0,9,9
3582,26/03/2022 08:50:00,1.0,9,9
3583,26/03/2022 09:00:00,1.0,9,9
3584,26/03/2022 09:10:00,1.0,9,9
3585,26/03/2022 09:20:00,1.0,9,9
3586,26/03/2022 09:30:00,1.0,9,9
3587,26/03/2022 09:40:00,1.0,9,9
3588,26/03/2022 09:50:00,1.0,9,9
3589,26/03/2022 10:00:00,1.0,9,9
3590,26/03/2022 10:10:00,1.0,9,9
3591,26/03/2022 10:20:00,1.0,9,9
3592,26/03/2022 10:30:00,1.0,9,9
3593,26/03/2022 10:40:00,1.0,9,9
3594,26/03/2022 10:50:00,1.0,9,9
3595,26/03/2022 11:00:00,1.0,9,9
3596,26/03/2022 11:10:00,1.0,9,9
3597,26/03/2022 11:20:00,1.0,9,9
3598,26/03/2022 11:30:00,1.0,9,9
3599,26/03/2022 11:40:00,1.0,9,9
3600,26/03/2022 11:50:00,1.0,9,9
3601,26/03/2022 12:00:00,1.0,9,9
3602,26/03/2022 12:10:00,1.0,9,9
3603,26/03/2022 12:20:00,1.0,9,9
3604,26/03/2022 12:30:00,1.0,9,9
3605,26/03/2022 12:40:00,1.0,9,9
3606,26/03/2022 12:50:00,1.0,9,9
3607,26/03/2022 13:00:00,1.0,9,9
3608,26/03/2022 13:10:00,1.0,9,9
3609,26/03/2022 13:20:00,1.0,9,9
3610,26/03/2022 13:30:00,1.0,9,9
3611,26/03/2022 13:40:00,1.0,9,9
3612,26/03/2022 13:50:00,1.0,9,9
3613,26/03/2022 14:00:00,1.0,9,9
3614,26/03/2022 14:10:00,1.0,9,9
3615,26/03/2022 14:20:00,1.0,9,9
3616,26/03/2022 14:30:00,1.0,9,9
3617,26/03/2022 14:40:00,1.0,9,9
3618,26/03/2022 14:50:00,1.0,9,9
3619,26/03/2022 15:00:00,1.0,9,9
3620,26/03/2022 15:10:00,1.0,9,9
3621,26/03/2022 15:20:00,1.0,9,9
3622,26/03/2022 15:30:00,1.0,9,9
3623,26/03/2022 15:40:00,1.0,14,10
3624,26/03/2022 15:50:00,0.9,37,25
3625,26/03/2022 16:00:00,0.9,72,54
3626,26/03/2022 16:10:00,0.9,121,96
3627,26/03/2022 16:20:00,0.9,178,150
3628,26/03/2022 16:30:00,0.9,237,207
3629,26/03/2022 16:40:00,1.0,296,267
3630,26/03/2022 16:50:00,1.0,356,326
3631,26/03/2022 17:00:00,1.0,412,386
3632,26/03/2022 17:10:00,1.0,465,439
3633,26/03/2022 17:20:00,1.0,512,490
3634,26/03/2022 17:30:00,1.0,548,531
3635,26/03/2022 17:40:00,1.0,573,561
3636,26/03/2022 17:50:00,1.0,595,585
3637,26/03/2022 18:00:00,1.0,614,606
3638,26/03/2022 18:10:00,1.0,615,615
3639,26/03/2022 18:20:00,1.0,615,615
3640,26/03/2022 18:30:00,1.0,615,615
3641,26/03/2022 18:40:00,1.0,615,615
3642,26/03/2022 18:50:00,1.0,615,615
3643,26/03/2022 19:00:00,1.0,615,615
3644,26/03/2022 19:10:00,1.0,615,615
3645,26/03/2022 19:20:00,1.0,615,615
3646,26/03/2022 19:30:00,1.0,613,614
3647,26/03/2022 19:40:00,1.0,606,610
3648,26/03/2022 19:50:00,1.0,600,603
3649,26/03/2022 20:00:00,1.0,594,597
3650,26/03/2022 20:10:00,1.0,589,592
3651,26/03/2022 20:20:00,1.0,583,586
3652,26/03/2022 20:30:00,1.0,577,580
3653,26/03/2022 20:40:00,1.0,570,573
3654,26/03/2022 20:50:00,1.0,564,567
3655,26/03/2022 21:00:00,1.0,557,561
3656,26/03/2022 21:10:00,1.0,548,552
3657,26/03/2022 21:20:00,1.0,539,543
3658,26/03/2022 21:30:00,1.0,530,534
3659,26/03/2022 21:40:00,1.0,522,526
3660,26/03/2022 21:50:00,1.0,514,518
3661,26/03/2022 22:00:00,1.0,506,510
3662,26/03/2022 22:10:00,1.0,498,502
3663,26/03/2022 22:20:00,1.0,492,495
3664,26/03/2022 22:30:00,1.0,488,490
3665,26/03/2022 22:40:00,1.0,483,485
3666,26/03/2022 22:50:00,1.0,479,481
3667,26/03/2022 23:00:00,1.0,475,477
3668,26/03/2022 23:10:00,1.0,471,473
3669,26/03/2022 23:20:00,1.0,467,469
3670,26/03/2022 23:30:00,1.0,463,465
3671,26/03/2022 23:40:00,1.0,459,461
3672,26/03/2022 23:50:00,1.0,455,457
3673,27/03/2022 00:00:00,1.0,451,453
3674,27/03/2022 00:10:00,1.0,448,450
3675,27/03/2022 00:20:00,1.0,445,447
3676,27/03/2022 00:30:00,1.0,442,443
3677,27/03/2022 00:40:00,1.0,439,440
3678,27/03/2022 00:50:00,1.0,435,437
3679,27/03/2022 01:00:00,1.0,432,434
3680,27/03/2022 01:10:00,1.0,430,431
3681,27/03/2022 01:20:00,1.0,427,428
3682,27/03/2022 01:30:00,1.0,424,425
3683,27/03/2022 01:40:00,1.0,422,423
3684,27/03/2022 01:50:00,1.0,419,420
3685,27/03/2022 02:00:00,1.0,417,418
3686,27/03/2022 02:10:00,1.0,415,416
3687,27/03/2022 02:20:00,1.0,413,414
3688,27/03/2022 02:30:00,1.0,411,411
3689,27/03/2022 02:40:00,1.0,409,410
3690,27/03/2022 02:50:00,1.0,407,408
3691,27/03/2022 03:00:00,1.0,405,406
3692,27/03/2022 03:10:00,1.0,403,404
3693,27/03/2022 03:20:00,1.0,402,403
3694,27/03/2022 03:30:00,1.0,400,401
3695,27/03/2022 03:40:00,1.0,399,399
3696,27/03/2022 03:50:00,1.0,397,398
3697,27/03/2022 04:00:00,1.0,395,396
3698,27/03/2022 04:10:00,1.0,394,395
3699,27/03/2022 04:20:00,1.0,393,393
3700,27/03/2022 04:30:00,1.0,391,392
3701,27/03/2022 04:40:00,1.0,390,390
3702,27/03/2022 04:50:00,1.0,388,389
3703,27/03/2022 05:00:00,1.0,387,388
3704,27/03/2022 05:10:00,1.0,385,386
3705,27/03/2022 05:20:00,1.0,384,385
3706,27/03/2022 05:30:00,1.0,383,383
3707,27/03/2022 05:40:00,1.0,381,382
3708,27/03/2022 05:50:00,1.0,380,381
3709,27/03/2022 06:00:00,1.0,379,379
3710,27/03/2022 06:10:00,1.0,377,378
3711,27/03/2022 06:20:00,1.0,376,377
3712,27/03/2022 06:30:00,1.0,375,375
3713,27/03/2022 06:40:00,1.0,374,374
3714,27/03/2022 06:50:00,1.0,372,373
3715,27/03/2022 07:00:00,1.0,371,372
3716,27/03/2022 07:10:00,1.0,370,370
3717,27/03/2022 07:20:00,1.0,369,369
3718,27/03/2022 07:30:00,1.0,368,368
3719,27/03/2022 07:40:00,1.0,366,367
3720,27/03/2022 07:50:00,1.0,365,366
3721,27/03/2022 08:00:00,1.0,364,365
3722,27/03/2022 08:10:00,1.0,364,364
3723,27/03/2022 08:20:00,1.0,363,363
3724,27/03/2022 08:30:00,1.0,362,362
3725,27/03/2022 08:40:00,1.0,361,361
3726,27/03/2022 08:50:00,1.0,360,360
3727,27/03/2022 09:00:00,1.0,359,359
3728,27/03/2022 09:10:00,1.0,358,359
3729,27/03/2022 09:20:00,1.0,357,358
3730,27/03/2022 09:30:00,1.0,356,357
3731,27/03/2022 09:40:00,1.0,356,356
3732,27/03/2022 09:50:00,1.0,355,355
3733,27/03/2022 10:00:00,1.0,354,354
3734,27/03/2022 10:10:00,1.0,353,354
3735,27/03/2022 10:20:00,1.0,352,353
3736,27/03/2022 10:30:00,1.0,351,352
3737,27/03/2022 10:40:00,1.0,351,351
3738,27/03/2022 10:50:00,1.0,350,350
3739,27/03/2022 11:00:00,1.0,349,349
3740,27/03/2022 11:10:00,1.0,348,349
3741,27/03/2022 11:20:00,1.0,347,348
3742,27/03/2022 11:30:00,1.0,347,347
3743,27/03/2022 11:40:00,1.0,346,346
3744,27/03/2022 11:50:00,1.0,345,345
3745,27/03/2022 12:00:00,1.0,344,345
3746,27/03/2022 12:10:00,1.0,344,344
3747,27/03/2022 12:20:00,1.0,343,343
3748,27/03/2022 12:30:00,1.0,342,342
3749,27/03/2022 12:40:00,1.0,342,342
3750,27/03/2022 12:50:00,1.0,341,341
3751,27/03/2022 13:00:00,1.0,340,340
3752,27/03/2022 13:10:00,1.0,339,339
3753,27/03/2022 13:20:00,1.0,339,339
3754,27/03/2022 13:30:00,1.0,338,338
3755,27/03/2022 13:40:00,1.0,337,337
3756,27/03/2022 13:50:00,1.0,336,337
3757,27/03/2022 14:00:00,1.0,336,336
3758,27/03/2022 14:10:00,1.0,335,335
3759,27/03/2022 14:20:00,1.0,334,335
3760,27/03/2022 14:30:00,1.0,334,334
3761,27/03/2022 14:40:00,1.0,333,333
3762,27/03/2022 14:50:00,1.0,333,333
3763,27/03/2022 15:00:00,1.0,332,332
3764,27/03/2022 15:10:00,1.0,331,331
3765,27/03/2022 15:20:00,1.0,331,331
3766,27/03/2022 15:30:00,1.0,348,337
3767,27/03/2022 15:40:00,1.0,392,367
3768,27/03/2022 15:50:00,1.0,471,428
3769,27/03/2022 16:00:00,1.0,570,520
3770,27/03/2022 16:10:00,1.0,614,604
3771,27/03/2022 16:20:00,1.0,614,614
3772,27/03/2022 16:30:00,1.0,614,614
3773,27/03/2022 16:40:00,1.0,614,614
3774,27/03/2022 16:50:00,1.0,614,614
3775,27/03/2022 17:00:00,1.0,614,614
3776,27/03/2022 17:10:00,1.0,614,614
3777,27/03/2022 17:20:00,1.0,614,614
3778,27/03/2022 17:30:00,1.0,614,614
3779,27/03/2022 17:40:00,1.0,614,614
3780,27/03/2022 17:50:00,1.0,614,614
3781,27/03/2022 18:00:00,1.0,614,614
3782,27/03/2022 18:10:00,1.0,614,614
3783,27/03/2022 18:20:00,1.0,614,614
3784,27/03/2022 18:30:00,1.0,614,614
3785,27/03/2022 18:40:00,1.0,614,614
3786,27/03/2022 18:50:00,1.0,614,614
3787,27/03/2022 19:00:00,1.0,614,614
3788,27/03/2022 19:10:00,1.0,614,614
3789,27/03/2022 19:20:00,1.0,614,614
3790,27/03/2022 19:30:00,1.0,614,614
3791,27/03/2022 19:40:00,1.0,614,614
3792,27/03/2022 19:50:00,1.0,614,614
3793,27/03/2022 20:00:00,1.0,614,614
3794,27/03/2022 20:10:00,1.0,614,614
3795,27/03/2022 20:20:00,1.0,614,614
3796,27/03/2022 20:30:00,1.0,614,614
3797,27/03/2022 20:40:00,1.0,614,614
3798,27/03/2022 20:50:00,1.0,614,614
3799,27/03/2022 21:00:00,1.0,614,614
3800,27/03/2022 21:10:00,1.0,614,614
3801,27/03/2022 21:20:00,1.0,614,614
3802,27/03/2022 21:30:00,1.0,614,614
3803,27/03/2022 21:40:00,1.0,614,614
3804,27/03/2022 21:50:00,1.0,614,614
3805,27/03/2022 22:00:00,1.0,614,614
3806,27/03/2022 22:10:00,1.0,614,614
3807,27/03/2022 22:20:00,1.0,614,614
3808,27/03/2022 22:30:00,1.0,614,614
3809,27/03/2022 22:40:00,1.0,614,614
3810,27/03/2022 22:50:00,1.0,612,614
3811,27/03/2022 23:00:00,1.0,605,609
3812,27/03/2022 23:10:00,1.0,599,602
3813,27/03/2022 23:20:00,1.0,593,596
3814,27/03/2022 23:30:00,1.0,590,592
3815,27/03/2022 23:40:00,1.0,585,588
3816,27/03/2022 23:50:00,1.0,580,583
3817,28/03/2022 00:00:00,1.0,575,578
3818,28/03/2022 00:10:00,1.0,571,573
3819,28/03/2022 00:20:00,1.0,566,569
3820,28/03/2022 00:30:00,1.0,562,565
3821,28/03/2022 00:40:00,1.0,558,560
3822,28/03/2022 00:50:00,1.0,552,555
3823,28/03/2022 01:00:00,1.0,547,549
3824,28/03/2022 01:10:00,1.0,542,544
3825,28/03/2022 01:20:00,1.0,537,539
3826,28/03/2022 01:30:00,1.0,532,534
3827,28/03/2022 01:40:00,1.0,527,530
3828,28/03/2022 01:50:00,1.0,523,525
3829,28/03/2022 02:00:00,1.0,519,521
3830,28/03/2022 02:10:00,1.0,515,517
3831,28/03/2022 02:20:00,1.0,512,513
3832,28/03/2022 02:30:00,1.0,508,510
3833,28/03/2022 02:40:00,1.0,504,506
3834,28/03/2022 02:50:00,1.0,501,503
3835,28/03/2022 03:00:00,1.0,498,499
3836,28/03/2022 03:10:00,1.0,494,496
3837,28/03/2022 03:20:00,1.0,493,494
3838,28/03/2022 03:30:00,1.0,492,493
3839,28/03/2022 03:40:00,1.0,492,492
3840,28/03/2022 03:50:00,1.0,491,492
3841,28/03/2022 04:00:00,1.0,491,491
3842,28/03/2022 04:10:00,1.0,490,490
3843,28/03/2022 04:20:00,1.0,489,490
3844,28/03/2022 04:30:00,1.0,489,489
3845,28/03/2022 04:40:00,1.0,488,489
3846,28/03/2022 04:50:00,1.0,488,488
3847,28/03/2022 05:00:00,1.0,488,488
3848,28/03/2022 05:10:00,1.0,487,487
3849,28/03/2022 05:20:00,1.0,486,486
3850,28/03/2022 05:30:00,1.0,486,486
3851,28/03/2022 05:40:00,1.0,485,485
3852,28/03/2022 05:50:00,1.0,485,485
3853,28/03/2022 06:00:00,1.0,484,484
3854,28/03/2022 06:10:00,1.0,484,484
3855,28/03/2022 06:20:00,1.0,483,483
3856,28/03/2022 06:30:00,1.0,483,483
3857,28/03/2022 06:40:00,1.0,482,482
3858,28/03/2022 06:50:00,1.0,482,482
3859,28/03/2022 07:00:00,1.0,481,481
3860,28/03/2022 07:10:00,1.0,481,481
3861,28/03/2022 07:20:00,1.0,480,480
3862,28/03/2022 07:30:00,1.0,480,480
3863,28/03/2022 07:40:00,1.0,479,479
3864,28/03/2022 07:50:00,1.0,479,479
3865,28/03/2022 08:00:00,1.0,478,478
3866,28/03/2022 08:10:00,1.0,478,478
3867,28/03/2022 08:20:00,1.0,477,477
3868,28/03/2022 08:30:00,1.0,477,477
3869,28/03/2022 08:40:00,1.0,476,476
3870,28/03/2022 08:50:00,1.0,476,476
3871,28/03/2022 09:00:00,1.0,475,476
3872,28/03/2022 09:10:00,1.0,475,475
3873,28/03/2022 09:20:00,1.0,475,475
3874,28/03/2022 09:30:00,1.0,474,474
3875,28/03/2022 09:40:00,1.0,474,474
3876,28/03/2022 09:50:00,1.0,473,474
3877,28/03/2022 10:00:00,1.0,473,473
3878,28/03/2022 10:10:00,1.0,472,473
3879,28/03/2022 10:20:00,1.0,472,472
3880,28/03/2022 10:30:00,1.0,472,472
3881,28/03/2022 10:40:00,1.0,472,472
3882,28/03/2022 10:50:00,1.0,471,471
3883,28/03/2022 11:00:00,1.0,471,471
3884,28/03/2022 11:10:00,1.0,470,470
3885,28/03/2022 11:20:00,1.0,470,470
3886,28/03/2022 11:30:00,1.0,469,470
3887,28/03/2022 11:40:00,1.0,469,469
3888,28/03/2022 11:50:00,1.0,469,469
3889,28/03/2022 12:00:00,1.0,468,469
3890,28/03/2022 12:10:00,1.0,468,468
3891,28/03/2022 12:20:00,1.0,468,468
3892,28/03/2022 12:30:00,1.0,467,467
3893,28/03/2022 12:40:00,1.0,467,467
3894,28/03/2022 12:50:00,1.0,467,467
3895,28/03/2022 13:00:00,1.0,466,467
3896,28/03/2022 13:10:00,1.0,466,466
3897,28/03/2022 13:20:00,1.0,466,466
3898,28/03/2022 13:30:00,1.0,465,465
3899,28/03/2022 13:40:00,1.0,465,465
3900,28/03/2022 13:50:00,1.0,464,465
3901,28/03/2022 14:00:00,1.0,464,464
3902,28/03/2022 14:10:00,1.0,464,464
3903,28/03/2022 14:20:00,1.0,464,464
3904,28/03/2022 14:30:00,1.0,463,463
3905,28/03/2022 14:40:00,1.0,463,463
3906,28/03/2022 14:50:00,1.0,463,463
3907,28/03/2022 15:00:00,1.0,463,463
3908,28/03/2022 15:10:00,1.0,462,462
3909,28/03/2022 15:20:00,1.0,462,462
3910,28/03/2022 15:30:00,1.0,468,463
3911,28/03/2022 15:40:00,1.0,505,485
3912,28/03/2022 15:50:00,1.0,570,538
3913,28/03/2022 16:00:00,1.0,614,601
3914,28/03/2022 16:10:00,1.0,614,614
3915,28/03/2022 16:20:00,1.0,614,614
3916,28/03/2022 16:30:00,1.0,614,614
3917,28/03/2022 16:40:00,1.0,614,614
3918,28/03/2022 16:50:00,1.0,614,614
3919,28/03/2022 17:00:00,1.0,614,614
3920,28/03/2022 17:10:00,1.0,614,614
3921,28/03/2022 17:20:00,1.0,614,614
3922,28/03/2022 17:30:00,1.0,614,614
3923,28/03/2022 17:40:00,1.0,614,614
3924,28/03/2022 17:50:00,1.0,614,614
3925,28/03/2022 18:00:00,1.0,614,614
3926,28/03/2022 18:10:00,1.0,614,614
3927,28/03/2022 18:20:00,1.0,614,614
3928,28/03/2022 18:30:00,1.0,614,614
3929,28/03/2022 18:40:00,1.0,614,614
3930,28/03/2022 18:50:00,1.0,614,614
3931,28/03/2022 19:00:00,1.0,614,614
3932,28/03/2022 19:10:00,1.0,614,614
3933,28/03/2022 19:20:00,1.0,614,614
3934,28/03/2022 19:30:00,1.0,614,614
3935,28/03/2022 19:40:00,1.0,614,614
3936,28/03/2022 19:50:00,1.0,614,614
3937,28/03/2022 20:00:00,1.0,614,614
3938,28/03/2022 20:10:00,1.0,614,614
3939,28/03/2022 20:20:00,1.0,614,614
3940,28/03/2022 20:30:00,1.0,614,614
3941,28/03/2022 20:40:00,1.0,614,614
3942,28/03/2022 20:50:00,1.0,614,614
3943,28/03/2022 21:00:00,1.0,614,614
3944,28/03/2022 21:10:00,1.0,614,614
3945,28/03/2022 21:20:00,1.0,614,614
3946,28/03/2022 21:30:00,1.0,614,614
3947,28/03/2022 21:40:00,1.0,614,614
3948,28/03/2022 21:50:00,1.0,614,614
3949,28/03/2022 22:00:00,1.0,614,614
3950,28/03/2022 22:10:00,1.0,614,614
3951,28/03/2022 22:20:00,1.0,614,614
3952,28/03/2022 22:30:00,1.0,614,614
3953,28/03/2022 22:40:00,1.0,614,614
3954,28/03/2022 22:50:00,1.0,614,614
3955,28/03/2022 23:00:00,1.0,614,614
3956,28/03/2022 23:10:00,1.0,614,614
3957,28/03/2022 23:20:00,1.0,614,614
3958,28/03/2022 23:30:00,1.0,614,614
3959,28/03/2022 23:40:00,1.0,614,614
3960,28/03/2022 23:50:00,1.0,614,614
3961,29/03/2022 00:00:00,1.0,614,614
3962,29/03/2022 00:10:00,1.0,614,614
3963,29/03/2022 00:20:00,1.0,614,614
3964,29/03/2022 00:30:00,1.0,614,614
3965,29/03/2022 00:40:00,1.0,614,614
3966,29/03/2022 00:50:00,1.0,614,614
3967,29/03/2022 01:00:00,1.0,614,614
3968,29/03/2022 01:10:00,1.0,614,614
3969,29/03/2022 01:20:00,1.0,614,614
3970,29/03/2022 01:30:00,1.0,614,614
3971,29/03/2022 01:40:00,1.0,614,614
3972,29/03/2022 01:50:00,1.0,614,614
3973,29/03/2022 02:00:00,1.0,614,614
3974,29/03/2022 02:10:00,1.0,614,614
3975,29/03/2022 02:20:00,1.0,614,614
3976,29/03/2022 02:30:00,1.0,611,612
3977,29/03/2022 02:40:00,1.0,608,610
3978,29/03/2022 02:50:00,1.0,604,606
3979,29/03/2022 03:00:00,1.0,601,602
3980,29/03/2022 03:10:00,1.0,598,600
3981,29/03/2022 03:20:00,1.0,595,597
3982,29/03/2022 03:30:00,1.0,593,594
3983,29/03/2022 03:40:00,1.0,591,592
3984,29/03/2022 03:50:00,1.0,589,590
3985,29/03/2022 04:00:00,1.0,587,588
3986,29/03/2022 04:10:00,1.0,585,586
3987,29/03/2022 04:20:00,1.0,582,583
3988,29/03/2022 04:30:00,1.0,580,581
3989,29/03/2022 04:40:00,1.0,578,579
3990,29/03/2022 04:50:00,1.0,575,577
3991,29/03/2022 05:00:00,1.0,573,574
3992,29/03/2022 05:10:00,1.0,571,572
3993,29/03/2022 05:20:00,1.0,569,570
3994,29/03/2022 05:30:00,1.0,567,568
3995,29/03/2022 05:40:00,1.0,565,566
3996,29/03/2022 05:50:00,1.0,563,564
3997,29/03/2022 06:00:00,1.0,561,562
3998,29/03/2022 06:10:00,1.0,559,560
3999,29/03/2022 06:20:00,1.0,557,558
4000,29/03/2022 06:30:00,1.0,554,555
4001,29/03/2022 06:40:00,1.0,551,553
4002,29/03/2022 06:50:00,1.0,549,550
4003,29/03/2022 07:00:00,1.0,547,548
4004,29/03/2022 07:10:00,1.0,544,546
4005,29/03/2022 07:20:00,1.0,542,543
4006,29/03/2022 07:30:00,1.0,540,541
4007,29/03/2022 07:40:00,1.0,538,539
4008,29/03/2022 07:50:00,1.0,535,536
4009,29/03/2022 08:00:00,1.0,533,534
4010,29/03/2022 08:10:00,1.0,531,532
4011,29/03/2022 08:20:00,1.0,529,530
4012,29/03/2022 08:30:00,1.0,526,528
4013,29/03/2022 08:40:00,1.0,525,525
4014,29/03/2022 08:50:00,1.0,523,523
4015,29/03/2022 09:00:00,1.0,521,521
4016,29/03/2022 09:10:00,1.0,519,519
4017,29/03/2022 09:20:00,1.0,517,518
4018,29/03/2022 09:30:00,1.0,516,516
4019,29/03/2022 09:40:00,1.0,514,515
4020,29/03/2022 09:50:00,1.0,512,513
4021,29/03/2022 10:00:00,1.0,511,511
4022,29/03/2022 10:10:00,1.0,509,510
4023,29/03/2022 10:20:00,1.0,507,508
4024,29/03/2022 10:30:00,1.0,506,506
4025,29/03/2022 10:40:00,1.0,504,505
4026,29/03/2022 10:50:00,1.0,503,503
4027,29/03/2022 11:00:00,1.0,501,502
4028,29/03/2022 11:10:00,1.0,499,500
4029,29/03/2022 11:20:00,1.0,498,499
4030,29/03/2022 11:30:00,1.0,496,497
4031,29/03/2022 11:40:00,1.0,495,496
4032,29/03/2022 11:50:00,1.0,494,494
4033,29/03/2022 12:00:00,1.0,493,493
4034,29/03/2022 12:10:00,1.0,493,493
4035,29/03/2022 12:20:00,1.0,492,493
4036,29/03/2022 12:30:00,1.0,492,492
4037,29/03/2022 12:40:00,1.0,492,492
4038,29/03/2022 12:50:00,1.0,492,492
4039,29/03/2022 13:00:00,1.0,491,492
4040,29/03/2022 13:10:00,1.0,491,491
4041,29/03/2022 13:20:00,1.0,491,491
4042,29/03/2022 13:30:00,1.0,491,491
4043,29/03/2022 13:40:00,1.0,491,491
4044,29/03/2022 13:50:00,1.0,490,490
4045,29/03/2022 14:00:00,1.0,490,490
4046,29/03/2022 14:10:00,1.0,490,490
4047,29/03/2022 14:20:00,1.0,490,490
4048,29/03/2022 14:30:00,1.0,489,490
4049,29/03/2022 14:40:00,1.0,489,489
4050,29/03/2022 14:50:00,1.0,489,489
4051,29/03/2022 15:00:00,1.0,488,489
4052,29/03/2022 15:10:00,1.0,488,489
4053,29/03/2022 15:20:00,1.0,488,488
4054,29/03/2022 15:30:00,1.0,488,488
4055,29/03/2022 15:40:00,1.0,488,488
4056,29/03/2022 15:50:00,1.0,487,488
4057,29/03/2022 16:00:00,1.0,487,487
4058,29/03/2022 16:10:00,1.0,487,487
4059,29/03/2022 16:20:00,1.0,487,487
4060,29/03/2022 16:30:00,1.0,487,487
4061,29/03/2022 16:40:00,1.0,486,486
4062,29/03/2022 16:50:00,1.0,486,486
4063,29/03/2022 17:00:00,1.0,486,486
4064,29/03/2022 17:10:00,1.0,485,486
4065,29/03/2022 17:20:00,1.0,485,485
4066,29/03/2022 17:30:00,1.0,485,485
4067,29/03/2022 17:40:00,1.0,485,485
4068,29/03/2022 17:50:00,1.0,485,485
4069,29/03/2022 18:00:00,1.0,484,484
4070,29/03/2022 18:10:00,1.0,484,484
4071,29/03/2022 18:20:00,1.0,484,484
4072,29/03/2022 18:30:00,1.0,484,484
4073,29/03/2022 18:40:00,1.0,483,483
4074,29/03/2022 18:50:00,1.0,483,483
4075,29/03/2022 19:00:00,1.0,483,483
4076,29/03/2022 19:10:00,1.0,483,483
4077,29/03/2022 19:20:00,1.0,482,483
4078,29/03/2022 19:30:00,1.0,482,482
4079,29/03/2022 19:40:00,1.0,482,482
4080,29/03/2022 19:50:00,1.0,482,482
4081,29/03/2022 20:00:00,1.0,481,482
4082,29/03/2022 20:10:00,1.0,481,481
4083,29/03/2022 20:20:00,1.0,481,481
4084,29/03/2022 20:30:00,1.0,481,481
4085,29/03/2022 20:40:00,1.0,481,481
4086,29/03/2022 20:50:00,1.0,480,480
4087,29/03/2022 21:00:00,1.0,480,480
4088,29/03/2022 21:10:00,1.0,480,480
4089,29/03/2022 21:20:00,1.0,480,480
4090,29/03/2022 21:30:00,1.0,479,479
4091,29/03/2022 21:40:00,1.0,479,479
4092,29/03/2022 21:50:00,1.0,479,479
4093,29/03/2022 22:00:00,1.0,479,479
4094,29/03/2022 22:10:00,1.0,479,478
4095,29/03/2022 22:20:00,1.0,478,478
4096,29/03/2022 22:30:00,1.0,478,478
4097,29/03/2022 22:40:00,1.0,478,478
4098,29/03/2022 22:50:00,1.0,477,478
4099,29/03/2022 23:00:00,1.0,477,477
4100,29/03/2022 23:10:00,1.0,477,477
4101,29/03/2022 23:20:00,1.0,477,477
4102,29/03/2022 23:30:00,1.0,476,477
4103,29/03/2022 23:40:00,1.0,476,476
4104,29/03/2022 23:50:00,1.0,476,476
4105,30/03/2022 00:00:00,1.0,476,476
4106,30/03/2022 00:10:00,1.0,476,476
4107,30/03/2022 00:20:00,1.0,475,476
4108,30/03/2022 00:30:00,1.0,475,475
4109,30/03/2022 00:40:00,1.0,475,475
4110,30/03/2022 00:50:00,1.0,475,475
4111,30/03/2022 01:00:00,1.0,475,475
4112,30/03/2022 01:10:00,1.0,474,474
4113,30/03/2022 01:20:00,1.0,474,474
4114,30/03/2022 01:30:00,1.0,474,474
4115,30/03/2022 01:40:00,1.0,474,474
4116,30/03/2022 01:50:00,1.0,473,474
4117,30/03/2022 02:00:00,1.0,473,473
4118,30/03/2022 02:10:00,1.0,473,473
4119,30/03/2022 02:20:00,1.0,473,473
4120,30/03/2022 02:30:00,1.0,472,473
4121,30/03/2022 02:40:00,1.0,472,472
4122,30/03/2022 02:50:00,1.0,472,472
4123,30/03/2022 03:00:00,1.0,472,472
4124,30/03/2022 03:10:00,1.0,472,472
4125,30/03/2022 03:20:00,1.0,472,472
4126,30/03/2022 03:30:00,1.0,471,471
4127,30/03/2022 03:40:00,1.0,471,471
4128,30/03/2022 03:50:00,1.0,471,471
4129,30/03/2022 04:00:00,1.0,471,471
4130,30/03/2022 04:10:00,1.0,470,470
4131,30/03/2022 04:20:00,1.0,470,470
4132,30/03/2022 04:30:00,1.0,470,470
4133,30/03/2022 04:40:00,1.0,470,470
4134,30/03/2022 04:50:00,1.0,470,469
4135,30/03/2022 05:00:00,1.0,469,469
4136,30/03/2022 05:10:00,1.0,469,469
4137,30/03/2022 05:20:00,1.0,469,469
4138,30/03/2022 05:30:00,1.0,469,469
4139,30/03/2022 05:40:00,1.0,468,468
4140,30/03/2022 05:50:00,1.0,468,468
4141,30/03/2022 06:00:00,1.0,468,468
4142,30/03/2022 06:10:00,1.0,468,468
4143,30/03/2022 06:20:00,1.0,467,467
4144,30/03/2022 06:30:00,1.0,467,467
4145,30/03/2022 06:40:00,1.0,467,467
4146,30/03/2022 06:50:00,1.0,467,467
4147,30/03/2022 07:00:00,1.0,467,467
4148,30/03/2022 07:10:00,1.0,466,467
4149,30/03/2022 07:20:00,1.0,466,466
4150,30/03/2022 07:30:00,1.0,466,466
4151,30/03/2022 07:40:00,1.0,466,466
4152,30/03/2022 07:50:00,1.0,465,466
4153,30/03/2022 08:00:00,1.0,465,465
4154,30/03/2022 08:10:00,1.0,465,465
4155,30/03/2022 08:20:00,1.0,465,465
4156,30/03/2022 08:30:00,1.0,464,465
4157,30/03/2022 08:40:00,1.0,464,464
4158,30/03/2022 08:50:00,1.0,464,464
4159,30/03/2022 09:00:00,1.0,464,464
4160,30/03/2022 09:10:00,1.0,464,464
4161,30/03/2022 09:20:00,1.0,464,464
4162,30/03/2022 09:30:00,1.0,463,463
4163,30/03/2022 09:40:00,1.0,463,463
4164,30/03/2022 09:50:00,1.0,463,463
4165,30/03/2022 10:00:00,1.0,463,463
4166,30/03/2022 10:10:00,1.0,462,462
4167,30/03/2022 10:20:00,1.0,462,462
4168,30/03/2022 10:30:00,1.0,462,462
4169,30/03/2022 10:40:00,1.0,462,462
4170,30/03/2022 10:50:00,1.0,462,462
4171,30/03/2022 11:00:00,1.0,461,461
4172,30/03/2022 11:10:00,1.0,461,461
4173,30/03/2022 11:20:00,1.0,461,461
4174,30/03/2022 11:30:00,1.0,461,461
4175,30/03/2022 11:40:00,1.0,460,461
4176,30/03/2022 11:50:00,1.0,460,460
4177,30/03/2022 12:00:00,1.0,460,460
4178,30/03/2022 12:10:00,1.0,460,460
4179,30/03/2022 12:20:00,1.0,460,460
4180,30/03/2022 12:30:00,1.0,459,460
4181,30/03/2022 12:40:00,1.0,459,459
4182,30/03/2022 12:50:00,1.0,459,459
4183,30/03/2022 13:00:00,1.0,459,459
4184,30/03/2022 13:10:00,1.0,459,459
4185,30/03/2022 13:20:00,1.0,458,459
4186,30/03/2022 13:30:00,1.0,458,458
4187,30/03/2022 13:40:00,1.0,458,458
4188,30/03/2022 13:50:00,1.0,458,458
4189,30/03/2022 14:00:00,1.0,457,458
4190,30/03/2022 14:10:00,1.0,457,457
4191,30/03/2022 14:20:00,1.0,457,457
4192,30/03/2022 14:30:00,1.0,457,457
4193,30/03/2022 14:40:00,1.0,457,457
4194,30/03/2022 14:50:00,1.0,457,457
4195,30/03/2022 15:00:00,1.0,456,456
4196,30/03/2022 15:10:00,1.0,456,456
4197,30/03/2022 15:20:00,1.0,456,456
4198,30/03/2022 15:30:00,1.0,456,456
4199,30/03/2022 15:40:00,1.0,456,456
4200,30/03/2022 15:50:00,1.0,456,455
4201,30/03/2022 16:00:00,1.0,455,455
4202,30/03/2022 16:10:00,1.0,455,455
4203,30/03/2022 16:20:00,1.0,455,455
4204,30/03/2022 16:30:00,1.0,455,455
4205,30/03/2022 16:40:00,1.0,454,454
4206,30/03/2022 16:50:00,1.0,454,454
4207,30/03/2022 17:00:00,1.0,454,454
4208,30/03/2022 17:10:00,1.0,454,454
4209,30/03/2022 17:20:00,1.0,454,454
4210,30/03/2022 17:30:00,1.0,453,453
4211,30/03/2022 17:40:00,1.0,453,453
4212,30/03/2022 17:50:00,1.0,453,453
4213,30/03/2022 18:00:00,1.0,453,453
4214,30/03/2022 18:10:00,1.0,453,453
4215,30/03/2022 18:20:00,1.0,453,453
4216,30/03/2022 18:30:00,1.0,452,452
4217,30/03/2022 18:40:00,1.0,452,452
4218,30/03/2022 18:50:00,1.0,452,452
4219,30/03/2022 19:00:00,1.0,452,452
4220,30/03/2022 19:10:00,1.0,451,452
4221,30/03/2022 19:20:00,1.0,451,451
4222,30/03/2022 19:30:00,1.0,451,451
4223,30/03/2022 19:40:00,1.0,451,451
4224,30/03/2022 19:50:00,1.0,451,451
4225,30/03/2022 20:00:00,1.0,450,451
4226,30/03/2022 20:10:00,1.0,450,451
4227,30/03/2022 20:20:00,1.0,450,450
4228,30/03/2022 20:30:00,1.0,450,450
4229,30/03/2022 20:40:00,1.0,450,450
4230,30/03/2022 20:50:00,1.0,450,450
4231,30/03/2022 21:00:00,1.0,450,450
4232,30/03/2022 21:10:00,1.0,449,449
4233,30/03/2022 21:20:00,1.0,449,449
4234,30/03/2022 21:30:00,1.0,449,449
4235,30/03/2022 21:40:00,1.0,449,449
4236,30/03/2022 21:50:00,1.0,449,449
4237,30/03/2022 22:00:00,1.0,449,449
4238,30/03/2022 22:10:00,1.0,448,448
4239,30/03/2022 22:20:00,1.0,448,448
4240,30/03/2022 22:30:00,1.0,448,448
4241,30/03/2022 22:40:00,1.0,448,448
4242,30/03/2022 22:50:00,1.0,448,448
4243,30/03/2022 23:00:00,1.0,448,448
4244,30/03/2022 23:10:00,1.0,447,447
4245,30/03/2022 23:20:00,1.0,447,447
4246,30/03/2022 23:30:00,1.0,447,447
4247,30/03/2022 23:40:00,1.0,447,447
4248,30/03/2022 23:50:00,1.0,447,447
4249,31/03/2022 00:00:00,1.0,446,446
4250,31/03/2022 00:10:00,1.0,446,446
4251,31/03/2022 00:20:00,1.0,446,446
4252,31/03/2022 00:30:00,1.0,446,446
4253,31/03/2022 00:40:00,1.0,446,446
4254,31/03/2022 00:50:00,1.0,446,446
4255,31/03/2022 01:00:00,1.0,445,445
4256,31/03/2022 01:10:00,1.0,445,445
4257,31/03/2022 01:20:00,1.0,445,445
4258,31/03/2022 01:30:00,1.0,445,445
4259,31/03/2022 01:40:00,1.0,445,445
4260,31/03/2022 01:50:00,1.0,444,445
4261,31/03/2022 02:00:00,1.0,444,444
4262,31/03/2022 02:10:00,1.0,444,444
4263,31/03/2022 02:20:00,1.0,444,444
4264,31/03/2022 02:30:00,1.0,444,444
4265,31/03/2022 02:40:00,1.0,443,444
4266,31/03/2022 02:50:00,1.0,443,443
4267,31/03/2022 03:00:00,1.0,443,443
4268,31/03/2022 03:10:00,1.0,443,443
4269,31/03/2022 03:20:00,1.0,443,443
4270,31/03/2022 03:30:00,1.0,443,443
4271,31/03/2022 03:40:00,1.0,442,443
4272,31/03/2022 03:50:00,1.0,442,442
4273,31/03/2022 04:00:00,1.0,442,442
4274,31/03/2022 04:10:00,1.0,442,442
4275,31/03/2022 04:20:00,1.0,442,442
4276,31/03/2022 04:30:00,1.0,442,442
4277,31/03/2022 04:40:00,1.0,442,442
4278,31/03/2022 04:50:00,1.0,441,441
4279,31/03/2022 05:00:00,1.0,441,441
4280,31/03/2022 05:10:00,1.0,441,441
4281,31/03/2022 05:20:00,1.0,441,441
4282,31/03/2022 05:30:00,1.0,441,441
4283,31/03/2022 05:40:00,1.0,440,440
4284,31/03/2022 05:50:00,1.0,440,440
4285,31/03/2022 06:00:00,1.0,440,440
4286,31/03/2022 06:10:00,1.0,440,440
4287,31/03/2022 06:20:00,1.0,440,440
4288,31/03/2022 06:30:00,1.0,440,440
4289,31/03/2022 06:40:00,1.0,439,439
4290,31/03/2022 06:50:00,1.0,439,439
4291,31/03/2022 07:00:00,1.0,439,439
4292,31/03/2022 07:10:00,1.0,439,439
4293,31/03/2022 07:20:00,1.0,439,439
4294,31/03/2022 07:30:00,1.0,438,439
4295,31/03/2022 07:40:00,1.0,438,438
4296,31/03/2022 07:50:00,1.0,438,438
4297,31/03/2022 08:00:00,1.0,438,438
4298,31/03/2022 08:10:00,1.0,438,438
4299,31/03/2022 08:20:00,1.0,438,438
4300,31/03/2022 08:30:00,1.0,438,437
4301,31/03/2022 08:40:00,1.0,437,437
4302,31/03/2022 08:50:00,1.0,437,437
4303,31/03/2022 09:00:00,1.0,437,437
4304,31/03/2022 09:10:00,1.0,437,437
4305,31/03/2022 09:20:00,1.0,437,437
4306,31/03/2022 09:30:00,1.0,436,437
4307,31/03/2022 09:40:00,1.0,436,436
4308,31/03/2022 09:50:00,1.0,436,436
4309,31/03/2022 10:00:00,1.0,436,436
4310,31/03/2022 10:10:00,1.0,436,436
4311,31/03/2022 10:20:00,1.0,436,436
4312,31/03/2022 10:30:00,1.0,435,436
4313,31/03/2022 10:40:00,1.0,435,435
4314,31/03/2022 10:50:00,1.0,435,435
4315,31/03/2022 11:00:00,1.0,435,435
4316,31/03/2022 11:10:00,1.0,435,435
4317,31/03/2022 11:20:00,1.0,435,435
4318,31/03/2022 11:30:00,1.0,435,435
4319,31/03/2022 11:40:00,1.0,434,434
4320,31/03/2022 11:50:00,1.0,434,434
4321,31/03/2022 12:00:00,1.0,434,434
4322,31/03/2022 12:10:00,1.0,434,434
4323,31/03/2022 12:20:00,1.0,434,434
4324,31/03/2022 12:30:00,1.0,433,433
4325,31/03/2022 12:40:00,1.0,433,433
4326,31/03/2022 12:50:00,1.0,433,433
4327,31/03/2022 13:00:00,1.0,433,433
4328,31/03/2022 13:10:00,1.0,433,433
4329,31/03/2022 13:20:00,1.0,433,433
4330,31/03/2022 13:30:00,1.0,433,433
4331,31/03/2022 13:40:00,1.0,432,432
4332,31/03/2022 13:50:00,1.0,432,432
4333,31/03/2022 14:00:00,1.0,432,432
4334,31/03/2022 14:10:00,1.0,432,432
4335,31/03/2022 14:20:00,1.0,432,432
4336,31/03/2022 14:30:00,1.0,432,432
4337,31/03/2022 14:40:00,1.0,431,431
4338,31/03/2022 14:50:00,1.0,431,431
4339,31/03/2022 15:00:00,1.0,431,431
4340,31/03/2022 15:10:00,1.0,431,431
4341,31/03/2022 15:20:00,1.0,431,431
4342,31/03/2022 15:30:00,1.0,431,431
4343,31/03/2022 15:40:00,1.0,430,431
4344,31/03/2022 15:50:00,1.0,431,430
4345,31/03/2022 16:00:00,1.0,430,430
4346,31/03/2022 16:10:00,1.0,430,430
4347,31/03/2022 16:20:00,1.0,430,430
4348,31/03/2022 16:30:00,1.0,430,430
4349,31/03/2022 16:40:00,1.0,430,430
4350,31/03/2022 16:50:00,1.0,430,430
4351,31/03/2022 17:00:00,1.0,429,430
4352,31/03/2022 17:10:00,1.0,429,429
4353,31/03/2022 17:20:00,1.0,429,429
4354,31/03/2022 17:30:00,1.0,429,429
4355,31/03/2022 17:40:00,1.0,429,429
4356,31/03/2022 17:50:00,1.0,429,429
4357,31/03/2022 18:00:00,1.0,428,429
4358,31/03/2022 18:10:00,1.0,428,428
4359,31/03/2022 18:20:00,1.0,428,428
4360,31/03/2022 18:30:00,1.0,428,428
4361,31/03/2022 18:40:00,1.0,428,428
4362,31/03/2022 18:50:00,1.0,428,428
4363,31/03/2022 19:00:00,1.0,428,428
4364,31/03/2022 19:10:00,1.0,428,428
4365,31/03/2022 19:20:00,1.0,428,428
4366,31/03/2022 19:30:00,1.0,428,428
4367,31/03/2022 19:40:00,1.0,428,428
4368,31/03/2022 19:50:00,1.0,428,428
4369,31/03/2022 20:00:00,1.0,428,428
4370,31/03/2022 20:10:00,1.0,428,428
4371,31/03/2022 20:20:00,1.0,428,428
4372,31/03/2022 20:30:00,1.0,428,428
4373,31/03/2022 20:40:00,1.0,429,429
4374,31/03/2022 20:50:00,1.0,429,429
4375,31/03/2022 21:00:00,1.0,429,429
4376,31/03/2022 21:10:00,1.0,429,429
4377,31/03/2022 21:20:00,1.0,429,429
4378,31/03/2022 21:30:00,1.0,429,429
4379,31/03/2022 21:40:00,1.0,429,429
4380,31/03/2022 21:50:00,1.0,429,429
4381,31/03/2022 22:00:00,1.0,429,429
4382,31/03/2022 22:10:00,1.0,429,429
4383,31/03/2022 22:20:00,1.0,429,429
4384,31/03/2022 22:30:00,1.0,429,429
4385,31/03/2022 22:40:00,1.0,429,429
4386,31/03/2022 22:50:00,1.0,429,429
4387,31/03/2022 23:00:00,1.0,429,429
4388,31/03/2022 23:10:00,1.0,429,429
4389,31/03/2022 23:20:00,1.0,429,429
4390,31/03/2022 23:30:00,1.0,429,429
4391,31/03/2022 23:40:00,1.0,429,429
4392,31/03/2022 23:50:00,1.0,429,429
4393,01/04/2022 00:00:00,1.0,429,429
4394,01/04/2022 00:10:00,1.0,429,429
4395,01/04/2022 00:20:00,1.0,429,429
4396,01/04/2022 00:30:00,1.0,428,429
4397,01/04/2022 00:40:00,1.0,428,428
4398,01/04/2022 00:50:00,1.0,428,428
4399,01/04/2022 01:00:00,1.0,428,428
4400,01/04/2022 01:10:00,1.0,428,428
4401,01/04/2022 01:20:00,1.0,428,428
4402,01/04/2022 01:30:00,1.0,428,428
4403,01/04/2022 01:40:00,1.0,428,428
4404,01/04/2022 01:50:00,1.0,427,428
4405,01/04/2022 02:00:00,1.0,428,428
4406,01/04/2022 02:10:00,1.0,427,427
4407,01/04/2022 02:20:00,1.0,427,427
4408,01/04/2022 02:30:00,1.0,427,427
4409,01/04/2022 02:40:00,1.0,427,427
4410,01/04/2022 02:50:00,1.0,427,427
4411,01/04/2022 03:00:00,1.0,427,427
4412,01/04/2022 03:10:00,1.0,427,427
4413,01/04/2022 03:20:00,1.0,427,427
4414,01/04/2022 03:30:00,1.0,426,426
4415,01/04/2022 03:40:00,1.0,426,426
4416,01/04/2022 03:50:00,1.0,426,426
4417,01/04/2022 04:00:00,1.0,426,426
4418,01/04/2022 04:10:00,1.0,426,426
4419,01/04/2022 04:20:00,1.0,426,426
4420,01/04/2022 04:30:00,1.0,426,426
4421,01/04/2022 04:40:00,1.0,425,425
4422,01/04/2022 04:50:00,1.0,425,425
4423,01/04/2022 05:00:00,1.0,425,425
4424,01/04/2022 05:10:00,1.0,425,425
4425,01/04/2022 05:20:00,1.0,425,425
4426,01/04/2022 05:30:00,1.0,425,425
4427,01/04/2022 05:40:00,1.0,425,425
4428,01/04/2022 05:50:00,1.0,424,425
4429,01/04/2022 06:00:00,1.0,424,424
4430,01/04/2022 06:10:00,1.0,424,424
4431,01/04/2022 06:20:00,1.0,424,424
4432,01/04/2022 06:30:00,1.0,424,424
4433,01/04/2022 06:40:00,1.0,424,424
4434,01/04/2022 06:50:00,1.0,424,424
4435,01/04/2022 07:00:00,1.0,424,424
4436,01/04/2022 07:10:00,1.0,424,424
4437,01/04/2022 07:20:00,1.0,423,423
4438,01/04/2022 07:30:00,1.0,423,423
4439,01/04/2022 07:40:00,1.0,423,423
4440,01/04/2022 07:50:00,1.0,423,423
4441,01/04/2022 08:00:00,1.0,423,423
4442,01/04/2022 08:10:00,1.0,423,423
4443,01/04/2022 08:20:00,1.0,423,423
4444,01/04/2022 08:30:00,1.0,422,423
4445,01/04/2022 08:40:00,1.0,422,422
4446,01/04/2022 08:50:00,1.0,422,422
4447,01/04/2022 09:00:00,1.0,422,422
4448,01/04/2022 09:10:00,1.0,422,422
4449,01/04/2022 09:20:00,1.0,422,422
4450,01/04/2022 09:30:00,1.0,422,422
4451,01/04/2022 09:40:00,1.0,422,422
4452,01/04/2022 09:50:00,1.0,421,422
4453,01/04/2022 10:00:00,1.0,421,421
4454,01/04/2022 10:10:00,1.0,421,421
4455,01/04/2022 10:20:00,1.0,421,421
4456,01/04/2022 10:30:00,1.0,421,421
4457,01/04/2022 10:40:00,1.0,421,421
4458,01/04/2022 10:50:00,1.0,421,421
4459,01/04/2022 11:00:00,1.0,420,421
4460,01/04/2022 11:10:00,1.0,420,421
4461,01/04/2022 11:20:00,1.0,420,420
4462,01/04/2022 11:30:00,1.0,420,420
4463,01/04/2022 11:40:00,1.0,420,420
4464,01/04/2022 11:50:00,1.0,420,420
4465,01/04/2022 12:00:00,1.0,420,420
4466,01/04/2022 12:10:00,1.0,420,420
4467,01/04/2022 12:20:00,1.0,419,420
4468,01/04/2022 12:30:00,1.0,419,419
4469,01/04/2022 12:40:00,1.0,419,419
4470,01/04/2022 12:50:00,1.0,419,419
4471,01/04/2022 13:00:00,1.0,419,419
4472,01/04/2022 13:10:00,1.0,419,419
4473,01/04/2022 13:20:00,1.0,419,419
4474,01/04/2022 13:30:00,1.0,419,419
4475,01/04/2022 13:40:00,1.0,419,419
4476,01/04/2022 13:50:00,1.0,419,419
4477,01/04/2022 14:00:00,1.0,418,418
4478,01/04/2022 14:10:00,1.0,418,418
4479,01/04/2022 14:20:00,1.0,418,418
4480,01/04/2022 14:30:00,1.0,418,418
4481,01/04/2022 14:40:00,1.0,418,418
4482,01/04/2022 14:50:00,1.0,418,418
4483,01/04/2022 15:00:00,1.0,418,418
4484,01/04/2022 15:10:00,1.0,418,417
4485,01/04/2022 15:20:00,1.0,417,417
4486,01/04/2022 15:30:00,1.0,417,417
4487,01/04/2022 15:40:00,1.0,417,417
4488,01/04/2022 15:50:00,1.0,417,417
4489,01/04/2022 16:00:00,1.0,417,417
4490,01/04/2022 16:10:00,1.0,417,417
4491,01/04/2022 16:20:00,1.0,417,417
4492,01/04/2022 16:30:00,1.0,417,417
4493,01/04/2022 16:40:00,1.0,416,416
4494,01/04/2022 16:50:00,1.0,416,416
4495,01/04/2022 17:00:00,1.0,416,416
4496,01/04/2022 17:10:00,1.0,416,416
4497,01/04/2022 17:20:00,1.0,416,416
4498,01/04/2022 17:30:00,1.0,417,416
4499,01/04/2022 17:40:00,1.0,424,420
4500,01/04/2022 17:50:00,1.0,440,432
4501,01/04/2022 18:00:00,1.0,459,449
4502,01/04/2022 18:10:00,1.0,481,470
4503,01/04/2022 18:20:00,1.0,503,492
4504,01/04/2022 18:30:00,1.0,523,514
4505,01/04/2022 18:40:00,1.0,539,531
4506,01/04/2022 18:50:00,1.0,554,547
4507,01/04/2022 19:00:00,1.0,565,560
4508,01/04/2022 19:10:00,1.0,575,570
4509,01/04/2022 19:20:00,1.0,584,580
4510,01/04/2022 19:30:00,1.0,591,588
4511,01/04/2022 19:40:00,1.0,597,594
4512,01/04/2022 19:50:00,1.0,602,600
4513,01/04/2022 20:00:00,1.0,606,604
4514,01/04/2022 20:10:00,1.0,611,609
4515,01/04/2022 20:20:00,1.0,613,612
4516,01/04/2022 20:30:00,1.0,613,613
4517,01/04/2022 20:40:00,1.0,614,614
4518,01/04/2022 20:50:00,1.0,614,614
4519,01/04/2022 21:00:00,1.0,614,614
4520,01/04/2022 21:10:00,1.0,614,614
4521,01/04/2022 21:20:00,1.0,614,614
4522,01/04/2022 21:30:00,1.0,614,614
4523,01/04/2022 21:40:00,1.0,614,614
4524,01/04/2022 21:50:00,1.0,612,614
4525,01/04/2022 22:00:00,1.0,611,612
4526,01/04/2022 22:10:00,1.0,609,610
4527,01/04/2022 22:20:00,1.0,607,608
4528,01/04/2022 22:30:00,1.0,605,606
4529,01/04/2022 22:40:00,1.0,603,604
4530,01/04/2022 22:50:00,1.0,601,602
4531,01/04/2022 23:00:00,1.0,599,600
4532,01/04/2022 23:10:00,1.0,597,598
4533,01/04/2022 23:20:00,1.0,595,596
4534,01/04/2022 23:30:00,1.0,593,594
4535,01/04/2022 23:40:00,1.0,592,592
4536,01/04/2022 23:50:00,1.0,591,591
4537,02/04/2022 00:00:00,1.0,589,590
4538,02/04/2022 00:10:00,1.0,588,589
4539,02/04/2022 00:20:00,1.0,587,587
4540,02/04/2022 00:30:00,1.0,585,586
4541,02/04/2022 00:40:00,1.0,583,584
4542,02/04/2022 00:50:00,1.0,581,582
4543,02/04/2022 01:00:00,1.0,579,580
4544,02/04/2022 01:10:00,1.0,577,578
4545,02/04/2022 01:20:00,1.0,575,576
4546,02/04/2022 01:30:00,1.0,574,574
4547,02/04/2022 01:40:00,1.0,572,573
4548,02/04/2022 01:50:00,1.0,570,571
4549,02/04/2022 02:00:00,1.0,568,569
4550,02/04/2022 02:10:00,1.0,567,568
4551,02/04/2022 02:20:00,1.0,565,566
4552,02/04/2022 02:30:00,1.0,564,564
4553,02/04/2022 02:40:00,1.0,562,563
4554,02/04/2022 02:50:00,1.0,560,561
4555,02/04/2022 03:00:00,1.0,558,559
4556,02/04/2022 03:10:00,1.0,556,557
4557,02/04/2022 03:20:00,1.0,554,555
4558,02/04/2022 03:30:00,1.0,552,553
4559,02/04/2022 03:40:00,1.0,550,551
4560,02/04/2022 03:50:00,1.0,548,548
4561,02/04/2022 04:00:00,1.0,545,546
4562,02/04/2022 04:10:00,1.0,543,544
4563,02/04/2022 04:20:00,1.0,541,542
4564,02/04/2022 04:30:00,1.0,539,540
4565,02/04/2022 04:40:00,1.0,537,538
4566,02/04/2022 04:50:00,1.0,535,536
4567,02/04/2022 05:00:00,1.0,533,534
4568,02/04/2022 05:10:00,1.0,531,532
4569,02/04/2022 05:20:00,1.0,529,530
4570,02/04/2022 05:30:00,1.0,527,528
4571,02/04/2022 05:40:00,1.0,525,526
4572,02/04/2022 05:50:00,1.0,523,524
4573,02/04/2022 06:00:00,1.0,521,522
4574,02/04/2022 06:10:00,1.0,519,520
4575,02/04/2022 06:20:00,1.0,518,519
4576,02/04/2022 06:30:00,1.0,516,517
4577,02/04/2022 06:40:00,1.0,515,515
4578,02/04/2022 06:50:00,1.0,513,514
4579,02/04/2022 07:00:00,1.0,511,512
4580,02/04/2022 07:10:00,1.0,510,510
4581,02/04/2022 07:20:00,1.0,508,509
4582,02/04/2022 07:30:00,1.0,506,507
4583,02/04/2022 07:40:00,1.0,505,506
4584,02/04/2022 07:50:00,1.0,503,504
4585,02/04/2022 08:00:00,1.0,502,502
4586,02/04/2022 08:10:00,1.0,500,501
4587,02/04/2022 08:20:00,1.0,498,499
4588,02/04/2022 08:30:00,1.0,497,498
4589,02/04/2022 08:40:00,1.0,496,496
4590,02/04/2022 08:50:00,1.0,494,495
4591,02/04/2022 09:00:00,1.0,493,493
4592,02/04/2022 09:10:00,1.0,493,493
4593,02/04/2022 09:20:00,1.0,493,493
4594,02/04/2022 09:30:00,1.0,492,492
4595,02/04/2022 09:40:00,1.0,492,492
4596,02/04/2022 09:50:00,1.0,492,492
4597,02/04/2022 10:00:00,1.0,491,492
4598,02/04/2022 10:10:00,1.0,491,491
4599,02/04/2022 10:20:00,1.0,491,491
4600,02/04/2022 10:30:00,1.0,491,491
4601,02/04/2022 10:40:00,1.0,490,490
4602,02/04/2022 10:50:00,1.0,490,490
4603,02/04/2022 11:00:00,1.0,489,490
4604,02/04/2022 11:10:00,1.0,489,489
4605,02/04/2022 11:20:00,1.0,489,489
4606,02/04/2022 11:30:00,1.0,489,489
4607,02/04/2022 11:40:00,1.0,488,488
4608,02/04/2022 11:50:00,1.0,488,488
4609,02/04/2022 12:00:00,1.0,488,488
4610,02/04/2022 12:10:00,1.0,488,487
4611,02/04/2022 12:20:00,1.0,487,487
4612,02/04/2022 12:30:00,1.0,487,487
4613,02/04/2022 12:40:00,1.0,487,486
4614,02/04/2022 12:50:00,1.0,486,486
4615,02/04/2022 13:00:00,1.0,486,486
4616,02/04/2022 13:10:00,1.0,486,486
4617,02/04/2022 13:20:00,1.0,485,485
4618,02/04/2022 13:30:00,1.0,485,485
4619,02/04/2022 13:40:00,1.0,485,485
4620,02/04/2022 13:50:00,1.0,485,485
4621,02/04/2022 14:00:00,1.0,484,484
4622,02/04/2022 14:10:00,1.0,484,484
4623,02/04/2022 14:20:00,1.0,484,484
4624,02/04/2022 14:30:00,1.0,484,484
4625,02/04/2022 14:40:00,1.0,484,484
4626,02/04/2022 14:50:00,1.0,483,483
4627,02/04/2022 15:00:00,1.0,483,483
4628,02/04/2022 15:10:00,1.0,483,483
4629,02/04/2022 15:20:00,1.0,483,483
4630,02/04/2022 15:30:00,1.0,483,483
4631,02/04/2022 15:40:00,1.0,483,483
4632,02/04/2022 15:50:00,1.0,490,484
4633,02/04/2022 16:00:00,1.1,541,512
4634,02/04/2022 16:10:00,1.0,614,577
4635,02/04/2022 16:20:00,1.0,614,614
4636,02/04/2022 16:30:00,1.0,614,614
4637,02/04/2022 16:40:00,1.0,614,614
4638,02/04/2022 16:50:00,1.0,614,614
4639,02/04/2022 17:00:00,1.0,614,614
4640,02/04/2022 17:10:00,1.0,614,614
4641,02/04/2022 17:20:00,1.0,614,614
4642,02/04/2022 17:30:00,1.0,614,614
4643,02/04/2022 17:40:00,1.0,614,614
4644,02/04/2022 17:50:00,1.0,614,614
4645,02/04/2022 18:00:00,1.0,614,614
4646,02/04/2022 18:10:00,1.0,614,614
4647,02/04/2022 18:20:00,1.0,614,614
4648,02/04/2022 18:30:00,1.0,614,614
4649,02/04/2022 18:40:00,1.0,614,614
4650,02/04/2022 18:50:00,1.0,614,614
4651,02/04/2022 19:00:00,1.0,614,614
4652,02/04/2022 19:10:00,1.0,614,614
4653,02/04/2022 19:20:00,1.0,614,614
4654,02/04/2022 19:30:00,1.0,614,614
4655,02/04/2022 19:40:00,1.0,614,614
4656,02/04/2022 19:50:00,1.0,614,614
4657,02/04/2022 20:00:00,1.0,614,614
4658,02/04/2022 20:10:00,1.0,614,614
4659,02/04/2022 20:20:00,1.0,614,614
4660,02/04/2022 20:30:00,1.0,614,614
4661,02/04/2022 20:40:00,1.0,614,614
4662,02/04/2022 20:50:00,1.0,614,614
4663,02/04/2022 21:00:00,1.0,614,614
4664,02/04/2022 21:10:00,1.0,614,614
4665,02/04/2022 21:20:00,1.0,614,614
4666,02/04/2022 21:30:00,1.0,614,614
4667,02/04/2022 21:40:00,1.0,614,614
4668,02/04/2022 21:50:00,1.0,614,614
4669,02/04/2022 22:00:00,1.0,614,614
4670,02/04/2022 22:10:00,1.0,614,614
4671,02/04/2022 22:20:00,1.0,614,614
4672,02/04/2022 22:30:00,1.0,614,614
4673,02/04/2022 22:40:00,1.0,614,614
4674,02/04/2022 22:50:00,1.0,614,614
4675,02/04/2022 23:00:00,1.0,614,614
4676,02/04/2022 23:10:00,1.0,614,614
4677,02/04/2022 23:20:00,1.0,614,614
4678,02/04/2022 23:30:00,1.0,614,614
4679,02/04/2022 23:40:00,1.0,614,614
4680,02/04/2022 23:50:00,1.0,614,614
4681,03/04/2022 00:00:00,1.0,614,614
4682,03/04/2022 00:10:00,1.0,614,614
4683,03/04/2022 00:20:00,1.0,614,614
4684,03/04/2022 00:30:00,1.0,614,614
4685,03/04/2022 00:40:00,1.0,614,614
4686,03/04/2022 00:50:00,1.0,614,614
4687,03/04/2022 01:00:00,1.0,614,614
4688,03/04/2022 01:10:00,1.0,614,614
4689,03/04/2022 01:20:00,1.0,611,613
4690,03/04/2022 01:30:00,1.0,608,610
4691,03/04/2022 01:40:00,1.0,605,607
4692,03/04/2022 01:50:00,1.0,601,603
4693,03/04/2022 02:00:00,1.0,599,600
4694,03/04/2022 02:10:00,1.0,596,597
4695,03/04/2022 02:20:00,1.0,593,594
4696,03/04/2022 02:30:00,1.0,592,593
4697,03/04/2022 02:40:00,1.0,591,592
4698,03/04/2022 02:50:00,1.0,589,590
4699,03/04/2022 03:00:00,1.0,587,588
4700,03/04/2022 03:10:00,1.0,585,586
4701,03/04/2022 03:20:00,1.0,583,584
4702,03/04/2022 03:30:00,1.0,581,582
4703,03/04/2022 03:40:00,1.0,579,580
4704,03/04/2022 03:50:00,1.0,576,578
4705,03/04/2022 04:00:00,1.0,574,575
4706,03/04/2022 04:10:00,1.0,572,573
4707,03/04/2022 04:20:00,1.0,571,571
4708,03/04/2022 04:30:00,1.0,569,570
4709,03/04/2022 04:40:00,1.0,566,568
4710,03/04/2022 04:50:00,1.0,565,566
4711,03/04/2022 05:00:00,1.0,563,564
4712,03/04/2022 05:10:00,1.0,561,562
4713,03/04/2022 05:20:00,1.0,559,560
4714,03/04/2022 05:30:00,1.0,557,558
4715,03/04/2022 05:40:00,1.0,555,556
4716,03/04/2022 05:50:00,1.0,552,553
4717,03/04/2022 06:00:00,1.0,550,551
4718,03/04/2022 06:10:00,1.0,547,549
4719,03/04/2022 06:20:00,1.0,545,546
4720,03/04/2022 06:30:00,1.0,543,544
4721,03/04/2022 06:40:00,1.0,541,542
4722,03/04/2022 06:50:00,1.0,539,540
4723,03/04/2022 07:00:00,1.0,537,538
4724,03/04/2022 07:10:00,1.0,535,536
4725,03/04/2022 07:20:00,1.0,533,534
4726,03/04/2022 07:30:00,1.0,531,532
4727,03/04/2022 07:40:00,1.0,529,530
4728,03/04/2022 07:50:00,1.0,527,528
4729,03/04/2022 08:00:00,1.0,525,526
4730,03/04/2022 08:10:00,1.0,523,524
4731,03/04/2022 08:20:00,1.0,521,522
4732,03/04/2022 08:30:00,1.0,519,520
4733,03/04/2022 08:40:00,1.0,518,519
4734,03/04/2022 08:50:00,1.0,516,517
4735,03/04/2022 09:00:00,1.0,514,515
4736,03/04/2022 09:10:00,1.0,513,514
4737,03/04/2022 09:20:00,1.0,511,512
4738,03/04/2022 09:30:00,1.0,509,510
4739,03/04/2022 09:40:00,1.0,507,508
4740,03/04/2022 09:50:00,1.0,506,507
4741,03/04/2022 10:00:00,1.0,504,505
4742,03/04/2022 10:10:00,1.0,503,503
4743,03/04/2022 10:20:00,1.0,501,502
4744,03/04/2022 10:30:00,1.0,499,500
4745,03/04/2022 10:40:00,1.0,498,498
4746,03/04/2022 10:50:00,1.0,496,497
4747,03/04/2022 11:00:00,1.0,495,495
4748,03/04/2022 11:10:00,1.0,493,494
4749,03/04/2022 11:20:00,1.0,493,493
4750,03/04/2022 11:30:00,1.0,493,493
4751,03/04/2022 11:40:00,1.0,492,492
4752,03/04/2022 11:50:00,1.0,492,492
4753,03/04/2022 12:00:00,1.0,492,492
4754,03/04/2022 12:10:00,1.0,491,491
4755,03/04/2022 12:20:00,1.0,491,491
4756,03/04/2022 12:30:00,1.0,491,491
4757,03/04/2022 12:40:00,1.0,490,491
4758,03/04/2022 12:50:00,1.0,490,490
4759,03/04/2022 13:00:00,1.0,490,490
4760,03/04/2022 13:10:00,1.0,490,490
4761,03/04/2022 13:20:00,1.0,489,490
4762,03/04/2022 13:30:00,1.0,489,489
4763,03/04/2022 13:40:00,1.0,489,489
4764,03/04/2022 13:50:00,1.0,489,489
4765,03/04/2022 14:00:00,1.0,488,488
4766,03/04/2022 14:10:00,1.0,488,488
4767,03/04/2022 14:20:00,1.0,488,488
4768,03/04/2022 14:30:00,1.0,488,488
4769,03/04/2022 14:40:00,1.0,488,488
4770,03/04/2022 14:50:00,1.0,488,488
4771,03/04/2022 15:00:00,1.0,487,487
4772,03/04/2022 15:10:00,1.0,487,487
4773,03/04/2022 15:20:00,1.0,487,487
4774,03/04/2022 15:30:00,1.0,487,487
4775,03/04/2022 15:40:00,1.0,487,487
4776,03/04/2022 15:50:00,1.0,487,487
4777,03/04/2022 16:00:00,1.0,486,486
4778,03/04/2022 16:10:00,1.0,486,486
4779,03/04/2022 16:20:00,1.0,486,486
4780,03/04/2022 16:30:00,1.0,486,486
4781,03/04/2022 16:40:00,1.0,486,486
4782,03/04/2022 16:50:00,1.0,486,486
4783,03/04/2022 17:00:00,1.0,485,485
4784,03/04/2022 17:10:00,1.0,485,485
4785,03/04/2022 17:20:00,1.0,485,485
4786,03/04/2022 17:30:00,1.0,485,485
4787,03/04/2022 17:40:00,1.0,485,485
4788,03/04/2022 17:50:00,1.0,485,485
4789,03/04/2022 18:00:00,1.0,484,485
4790,03/04/2022 18:10:00,1.0,484,484
4791,03/04/2022 18:20:00,1.0,484,484
4792,03/04/2022 18:30:00,1.0,484,484
4793,03/04/2022 18:40:00,1.0,484,484
4794,03/04/2022 18:50:00,1.0,484,484
4795,03/04/2022 19:00:00,1.0,484,484
4796,03/04/2022 19:10:00,1.0,483,483
4797,03/04/2022 19:20:00,1.0,483,483
4798,03/04/2022 19:30:00,1.0,483,483
4799,03/04/2022 19:40:00,1.0,483,483
4800,03/04/2022 19:50:00,1.0,483,483
4801,03/04/2022 20:00:00,1.0,483,483
4802,03/04/2022 20:10:00,1.0,483,483
4803,03/04/2022 20:20:00,1.0,482,482
4804,03/04/2022 20:30:00,1.0,482,482
4805,03/04/2022 20:40:00,1.0,482,482
4806,03/04/2022 20:50:00,1.0,482,482
4807,03/04/2022 21:00:00,1.0,482,482
4808,03/04/2022 21:10:00,1.0,482,482
4809,03/04/2022 21:20:00,1.0,482,482
4810,03/04/2022 21:30:00,1.0,483,483
4811,03/04/2022 21:40:00,1.0,483,483
4812,03/04/2022 21:50:00,1.0,484,483
4813,03/04/2022 22:00:00,1.0,484,484
4814,03/04/2022 22:10:00,1.0,485,484
4815,03/04/2022 22:20:00,1.0,485,485
4816,03/04/2022 22:30:00,1.0,485,485
4817,03/04/2022 22:40:00,1.0,486,486
4818,03/04/2022 22:50:00,1.0,487,486
4819,03/04/2022 23:00:00,1.0,487,487
4820,03/04/2022 23:10:00,1.0,487,487
4821,03/04/2022 23:20:00,1.0,488,488
4822,03/04/2022 23:30:00,1.0,488,488
4823,03/04/2022 23:40:00,1.0,489,488
4824,03/04/2022 23:50:00,1.0,489,489
4825,04/04/2022 00:00:00,1.0,489,489
4826,04/04/2022 00:10:00,1.0,490,490
4827,04/04/2022 00:20:00,1.0,491,490
4828,04/04/2022 00:30:00,1.0,491,491
4829,04/04/2022 00:40:00,1.0,492,491
4830,04/04/2022 00:50:00,1.0,492,492
4831,04/04/2022 01:00:00,1.0,493,492
4832,04/04/2022 01:10:00,1.0,493,493
4833,04/04/2022 01:20:00,1.0,493,493
4834,04/04/2022 01:30:00,1.0,493,493
4835,04/04/2022 01:40:00,1.0,493,493
4836,04/04/2022 01:50:00,1.0,493,493
4837,04/04/2022 02:00:00,1.0,494,494
4838,04/04/2022 02:10:00,1.0,494,494
4839,04/04/2022 02:20:00,1.0,494,494
4840,04/04/2022 02:30:00,1.0,493,493
4841,04/04/2022 02:40:00,1.0,493,493
4842,04/04/2022 02:50:00,1.0,493,493
4843,04/04/2022 03:00:00,1.0,493,493
4844,04/04/2022 03:10:00,1.0,493,493
4845,04/04/2022 03:20:00,1.0,493,493
4846,04/04/2022 03:30:00,1.0,493,493
4847,04/04/2022 03:40:00,1.0,492,493
4848,04/04/2022 03:50:00,1.0,493,492
4849,04/04/2022 04:00:00,1.0,492,493
4850,04/04/2022 04:10:00,1.0,492,492
4851,04/04/2022 04:20:00,1.0,492,492
4852,04/04/2022 04:30:00,1.0,492,492
4853,04/04/2022 04:40:00,1.0,492,492
4854,04/04/2022 04:50:00,1.0,492,492
4855,04/04/2022 05:00:00,1.0,492,492
4856,04/04/2022 05:10:00,1.0,491,491
4857,04/04/2022 05:20:00,1.0,491,491
4858,04/04/2022 05:30:00,1.0,491,491
4859,04/04/2022 05:40:00,1.0,491,491
4860,04/04/2022 05:50:00,1.0,491,491
4861,04/04/2022 06:00:00,1.0,491,491
4862,04/04/2022 06:10:00,1.0,490,491
4863,04/04/2022 06:20:00,1.0,491,491
4864,04/04/2022 06:30:00,1.0,490,490
4865,04/04/2022 06:40:00,1.0,490,490
4866,04/04/2022 06:50:00,1.0,490,490
4867,04/04/2022 07:00:00,1.0,490,490
4868,04/04/2022 07:10:00,1.0,490,490
4869,04/04/2022 07:20:00,1.0,490,490
4870,04/04/2022 07:30:00,1.0,489,490
4871,04/04/2022 07:40:00,1.0,489,489
4872,04/04/2022 07:50:00,1.0,489,489
4873,04/04/2022 08:00:00,1.0,489,489
4874,04/04/2022 08:10:00,1.0,489,489
4875,04/04/2022 08:20:00,1.0,489,489
4876,04/04/2022 08:30:00,1.0,489,489
4877,04/04/2022 08:40:00,1.0,489,489
4878,04/04/2022 08:50:00,1.0,489,488
4879,04/04/2022 09:00:00,1.0,488,488
4880,04/04/2022 09:10:00,1.0,488,488
4881,04/04/2022 09:20:00,1.0,488,488
4882,04/04/2022 09:30:00,1.0,488,488
4883,04/04/2022 09:40:00,1.0,488,488
4884,04/04/2022 09:50:00,1.0,488,488
4885,04/04/2022 10:00:00,1.0,488,488
4886,04/04/2022 10:10:00,1.0,487,487
4887,04/04/2022 10:20:00,1.0,487,487
4888,04/04/2022 10:30:00,1.0,487,487
4889,04/04/2022 10:40:00,1.0,487,487
4890,04/04/2022 10:50:00,1.0,487,487
4891,04/04/2022 11:00:00,1.0,487,487
4892,04/04/2022 11:10:00,1.0,487,487
4893,04/04/2022 11:20:00,1.0,487,487
4894,04/04/2022 11:30:00,1.0,487,486
4895,04/04/2022 11:40:00,1.0,486,486
4896,04/04/2022 11:50:00,1.0,486,486
4897,04/04/2022 12:00:00,1.0,486,486
4898,04/04/2022 12:10:00,1.0,486,486
4899,04/04/2022 12:20:00,1.0,486,486
4900,04/04/2022 12:30:00,1.0,486,486
4901,04/04/2022 12:40:00,1.0,486,486
4902,04/04/2022 12:50:00,1.0,485,485
4903,04/04/2022 13:00:00,1.0,485,485
4904,04/04/2022 13:10:00,1.0,485,485
4905,04/04/2022 13:20:00,1.0,485,485
4906,04/04/2022 13:30:00,1.0,485,485
4907,04/04/2022 13:40:00,1.0,485,485
4908,04/04/2022 13:50:00,1.0,485,485
4909,04/04/2022 14:00:00,1.0,484,485
4910,04/04/2022 14:10:00,1.1,484,484
4911,04/04/2022 14:20:00,1.0,484,484
4912,04/04/2022 14:30:00,1.0,484,484
4913,04/04/2022 14:40:00,1.0,484,484
4914,04/04/2022 14:50:00,1.0,484,484
4915,04/04/2022 15:00:00,1.0,484,484
4916,04/04/2022 15:10:00,1.0,484,484
4917,04/04/2022 15:20:00,1.0,484,484
4918,04/04/2022 15:30:00,1.0,485,485
4919,04/04/2022 15:40:00,1.1,499,489
4920,04/04/2022 15:50:00,1.1,542,520
4921,04/04/2022 16:00:00,1.1,583,563
4922,04/04/2022 16:10:00,1.1,614,603
4923,04/04/2022 16:20:00,1.0,614,614
4924,04/04/2022 16:30:00,1.0,614,614
4925,04/04/2022 16:40:00,1.0,614,614
4926,04/04/2022 16:50:00,1.0,614,614
4927,04/04/2022 17:00:00,1.0,614,614
4928,04/04/2022 17:10:00,1.0,614,614
4929,04/04/2022 17:20:00,1.0,614,614
4930,04/04/2022 17:30:00,1.0,614,614
4931,04/04/2022 17:40:00,1.0,614,614
4932,04/04/2022 17:50:00,1.0,614,614
4933,04/04/2022 18:00:00,1.0,614,614
4934,04/04/2022 18:10:00,1.0,614,614
4935,04/04/2022 18:20:00,1.0,614,614
4936,04/04/2022 18:30:00,1.1,614,614
4937,04/04/2022 18:40:00,1.1,614,614
4938,04/04/2022 18:50:00,1.1,614,614
4939,04/04/2022 19:00:00,1.1,614,614
4940,04/04/2022 19:10:00,1.1,614,614
4941,04/04/2022 19:20:00,1.1,614,614
4942,04/04/2022 19:30:00,1.1,614,614
4943,04/04/2022 19:40:00,1.1,614,614
4944,04/04/2022 19:50:00,1.1,614,614
4945,04/04/2022 20:00:00,1.1,614,614
4946,04/04/2022 20:10:00,1.1,614,614
4947,04/04/2022 20:20:00,1.1,614,614
4948,04/04/2022 20:30:00,1.1,614,614
4949,04/04/2022 20:40:00,1.1,614,614
4950,04/04/2022 20:50:00,1.1,614,614
4951,04/04/2022 21:00:00,1.1,614,614
4952,04/04/2022 21:10:00,1.1,614,614
4953,04/04/2022 21:20:00,1.1,614,614
4954,04/04/2022 21:30:00,1.1,614,614
4955,04/04/2022 21:40:00,1.1,614,614
4956,04/04/2022 21:50:00,1.1,614,614
4957,04/04/2022 22:00:00,1.1,614,614
4958,04/04/2022 22:10:00,1.1,614,614
4959,04/04/2022 22:20:00,1.1,614,614
4960,04/04/2022 22:30:00,1.1,614,614
4961,04/04/2022 22:40:00,1.1,614,614
4962,04/04/2022 22:50:00,1.1,614,614
4963,04/04/2022 23:00:00,1.1,614,614
4964,04/04/2022 23:10:00,1.1,614,614
4965,04/04/2022 23:20:00,1.1,614,614
4966,04/04/2022 23:30:00,1.1,614,614
4967,04/04/2022 23:40:00,1.1,614,614
4968,04/04/2022 23:50:00,1.1,614,614
4969,05/04/2022 00:00:00,1.1,614,614
4970,05/04/2022 00:10:00,1.1,614,614
4971,05/04/2022 00:20:00,1.1,614,614
4972,05/04/2022 00:30:00,1.1,612,613
4973,05/04/2022 00:40:00,1.1,608,610
4974,05/04/2022 00:50:00,1.1,605,606
4975,05/04/2022 01:00:00,1.1,601,603
4976,05/04/2022 01:10:00,1.1,599,600
4977,05/04/2022 01:20:00,1.1,597,598
4978,05/04/2022 01:30:00,1.1,594,596
4979,05/04/2022 01:40:00,1.1,593,594
4980,05/04/2022 01:50:00,1.1,591,592
4981,05/04/2022 02:00:00,1.1,590,590
4982,05/04/2022 02:10:00,1.1,588,589
4983,05/04/2022 02:20:00,1.1,586,587
4984,05/04/2022 02:30:00,1.1,584,585
4985,05/04/2022 02:40:00,1.1,582,583
4986,05/04/2022 02:50:00,1.1,580,581
4987,05/04/2022 03:00:00,1.1,578,579
4988,05/04/2022 03:10:00,1.1,575,577
4989,05/04/2022 03:20:00,1.1,574,575
4990,05/04/2022 03:30:00,1.0,572,572
4991,05/04/2022 03:40:00,1.1,570,571
4992,05/04/2022 03:50:00,1.1,568,569
4993,05/04/2022 04:00:00,1.1,567,567
4994,05/04/2022 04:10:00,1.1,565,566
4995,05/04/2022 04:20:00,1.1,563,564
4996,05/04/2022 04:30:00,1.0,561,562
4997,05/04/2022 04:40:00,1.1,559,560
4998,05/04/2022 04:50:00,1.1,557,558
4999,05/04/2022 05:00:00,1.0,555,556
5000,05/04/2022 05:10:00,1.1,553,554
5001,05/04/2022 05:20:00,1.1,551,552
5002,05/04/2022 05:30:00,1.1,549,550
5003,05/04/2022 05:40:00,1.1,547,548
5004,05/04/2022 05:50:00,1.1,545,546
5005,05/04/2022 06:00:00,1.1,543,544
5006,05/04/2022 06:10:00,1.1,542,543
5007,05/04/2022 06:20:00,1.1,541,541
5008,05/04/2022 06:30:00,1.1,539,540
5009,05/04/2022 06:40:00,1.1,538,539
5010,05/04/2022 06:50:00,1.1,537,537
5011,05/04/2022 07:00:00,1.1,535,536
5012,05/04/2022 07:10:00,1.1,534,535
5013,05/04/2022 07:20:00,1.1,533,533
5014,05/04/2022 07:30:00,1.1,531,532
5015,05/04/2022 07:40:00,1.1,530,531
5016,05/04/2022 07:50:00,1.1,528,529
5017,05/04/2022 08:00:00,1.1,527,528
5018,05/04/2022 08:10:00,1.1,526,527
5019,05/04/2022 08:20:00,1.1,525,525
5020,05/04/2022 08:30:00,1.1,523,524
5021,05/04/2022 08:40:00,1.1,522,523
5022,05/04/2022 08:50:00,1.1,521,521
5023,05/04/2022 09:00:00,1.1,519,520
5024,05/04/2022 09:10:00,1.1,518,519
5025,05/04/2022 09:20:00,1.1,517,517
5026,05/04/2022 09:30:00,1.1,516,516
5027,05/04/2022 09:40:00,1.1,515,515
5028,05/04/2022 09:50:00,1.1,514,514
5029,05/04/2022 10:00:00,1.1,512,513
5030,05/04/2022 10:10:00,1.1,511,512
5031,05/04/2022 10:20:00,1.1,510,511
5032,05/04/2022 10:30:00,1.1,509,510
5033,05/04/2022 10:40:00,1.1,508,508
5034,05/04/2022 10:50:00,1.1,507,507
5035,05/04/2022 11:00:00,1.1,506,506
5036,05/04/2022 11:10:00,1.1,505,505
5037,05/04/2022 11:20:00,1.1,504,504
5038,05/04/2022 11:30:00,1.1,503,503
5039,05/04/2022 11:40:00,1.1,502,502
5040,05/04/2022 11:50:00,1.1,501,501
5041,05/04/2022 12:00:00,1.1,500,500
5042,05/04/2022 12:10:00,1.1,499,499
5043,05/04/2022 12:20:00,1.1,498,498
5044,05/04/2022 12:30:00,1.1,497,497
5045,05/04/2022 12:40:00,1.1,496,496
5046,05/04/2022 12:50:00,1.1,495,496
5047,05/04/2022 13:00:00,1.1,494,495
5048,05/04/2022 13:10:00,1.1,493,494
5049,05/04/2022 13:20:00,1.1,493,493
5050,05/04/2022 13:30:00,1.1,493,493
5051,05/04/2022 13:40:00,1.1,492,493
5052,05/04/2022 13:50:00,1.1,492,492
5053,05/04/2022 14:00:00,1.1,492,492
5054,05/04/2022 14:10:00,1.1,492,492
5055,05/04/2022 14:20:00,1.1,492,492
5056,05/04/2022 14:30:00,1.1,492,492
5057,05/04/2022 14:40:00,1.1,492,492
5058,05/04/2022 14:50:00,1.1,491,492
5059,05/04/2022 15:00:00,1.1,491,491
5060,05/04/2022 15:10:00,1.1,491,491
5061,05/04/2022 15:20:00,1.1,491,491
5062,05/04/2022 15:30:00,1.1,491,491
5063,05/04/2022 15:40:00,1.1,491,491
5064,05/04/2022 15:50:00,1.1,491,491
5065,05/04/2022 16:00:00,1.1,491,491
5066,05/04/2022 16:10:00,1.1,491,491
5067,05/04/2022 16:20:00,1.1,491,491
5068,05/04/2022 16:30:00,1.1,490,490
5069,05/04/2022 16:40:00,1.1,490,490
5070,05/04/2022 16:50:00,1.1,490,490
5071,05/04/2022 17:00:00,1.1,490,490
5072,05/04/2022 17:10:00,1.1,490,490
5073,05/04/2022 17:20:00,1.1,490,490
5074,05/04/2022 17:30:00,1.1,489,490
5075,05/04/2022 17:40:00,1.1,489,489
5076,05/04/2022 17:50:00,1.1,489,489
5077,05/04/2022 18:00:00,1.1,489,489
5078,05/04/2022 18:10:00,1.1,489,489
5079,05/04/2022 18:20:00,1.1,489,489
5080,05/04/2022 18:30:00,1.1,489,489
5081,05/04/2022 18:40:00,1.1,489,489
5082,05/04/2022 18:50:00,1.1,489,489
5083,05/04/2022 19:00:00,1.1,488,488
5084,05/04/2022 19:10:00,1.1,488,488
5085,05/04/2022 19:20:00,1.1,488,488
5086,05/04/2022 19:30:00,1.1,488,488
5087,05/04/2022 19:40:00,1.1,488,488
5088,05/04/2022 19:50:00,1.1,488,488
5089,05/04/2022 20:00:00,1.1,488,488
5090,05/04/2022 20:10:00,1.1,487,487
5091,05/04/2022 20:20:00,1.1,487,487
5092,05/04/2022 20:30:00,1.1,487,487
5093,05/04/2022 20:40:00,1.1,487,487
5094,05/04/2022 20:50:00,1.1,487,487
5095,05/04/2022 21:00:00,1.1,487,487
5096,05/04/2022 21:10:00,1.1,486,487
5097,05/04/2022 21:20:00,1.1,487,486
5098,05/04/2022 21:30:00,1.1,486,486
5099,05/04/2022 21:40:00,1.1,486,486
5100,05/04/2022 21:50:00,1.1,486,486
5101,05/04/2022 22:00:00,1.1,486,486
5102,05/04/2022 22:10:00,1.1,486,486
5103,05/04/2022 22:20:00,1.1,485,486
5104,05/04/2022 22:30:00,1.1,485,485
5105,05/04/2022 22:40:00,1.1,485,485
5106,05/04/2022 22:50:00,1.1,485,485
5107,05/04/2022 23:00:00,1.1,485,485
5108,05/04/2022 23:10:00,1.1,485,485
5109,05/04/2022 23:20:00,1.1,485,485
5110,05/04/2022 23:30:00,1.1,484,485
5111,05/04/2022 23:40:00,1.1,484,485
5112,05/04/2022 23:50:00,1.1,484,484
5113,06/04/2022 00:00:00,1.1,484,484
5114,06/04/2022 00:10:00,1.1,484,484
5115,06/04/2022 00:20:00,1.1,484,484
5116,06/04/2022 00:30:00,1.1,484,484
5117,06/04/2022 00:40:00,1.1,484,484
5118,06/04/2022 00:50:00,1.1,483,483
5119,06/04/2022 01:00:00,1.1,483,483
5120,06/04/2022 01:10:00,1.1,483,483
5121,06/04/2022 01:20:00,1.1,483,483
5122,06/04/2022 01:30:00,1.1,483,483
5123,06/04/2022 01:40:00,1.1,483,483
5124,06/04/2022 01:50:00,1.1,483,483
5125,06/04/2022 02:00:00,1.1,483,483
5126,06/04/2022 02:10:00,1.1,482,483
5127,06/04/2022 02:20:00,1.1,482,482
5128,06/04/2022 02:30:00,1.1,482,482
5129,06/04/2022 02:40:00,1.1,482,482
5130,06/04/2022 02:50:00,1.1,482,482
5131,06/04/2022 03:00:00,1.1,482,482
5132,06/04/2022 03:10:00,1.1,482,482
5133,06/04/2022 03:20:00,1.1,481,482
5134,06/04/2022 03:30:00,1.1,481,481
5135,06/04/2022 03:40:00,1.1,481,481
5136,06/04/2022 03:50:00,1.1,481,481
5137,06/04/2022 04:00:00,1.1,481,481
5138,06/04/2022 04:10:00,1.1,481,481
5139,06/04/2022 04:20:00,1.1,481,481
5140,06/04/2022 04:30:00,1.1,481,481
5141,06/04/2022 04:40:00,1.1,481,481
5142,06/04/2022 04:50:00,1.1,481,480
5143,06/04/2022 05:00:00,1.1,480,480
5144,06/04/2022 05:10:00,1.1,480,480
5145,06/04/2022 05:20:00,1.1,480,480
5146,06/04/2022 05:30:00,1.1,480,480
5147,06/04/2022 05:40:00,1.1,480,480
5148,06/04/2022 05:50:00,1.1,480,480
5149,06/04/2022 06:00:00,1.1,480,480
5150,06/04/2022 06:10:00,1.1,479,479
5151,06/04/2022 06:20:00,1.1,479,479
5152,06/04/2022 06:30:00,1.1,479,479
5153,06/04/2022 06:40:00,1.1,479,479
5154,06/04/2022 06:50:00,1.1,479,479
5155,06/04/2022 07:00:00,1.1,479,479
5156,06/04/2022 07:10:00,1.1,479,479
5157,06/04/2022 07:20:00,1.1,478,478
5158,06/04/2022 07:30:00,1.1,478,478
5159,06/04/2022 07:40:00,1.1,478,478
5160,06/04/2022 07:50:00,1.1,478,478
5161,06/04/2022 08:00:00,1.1,478,478
5162,06/04/2022 08:10:00,1.1,478,478
5163,06/04/2022 08:20:00,1.1,478,478
5164,06/04/2022 08:30:00,1.1,477,478
5165,06/04/2022 08:40:00,1.1,477,478
5166,06/04/2022 08:50:00,1.1,477,477
5167,06/04/2022 09:00:00,1.1,477,477
5168,06/04/2022 09:10:00,1.1,477,477
5169,06/04/2022 09:20:00,1.1,477,477
5170,06/04/2022 09:30:00,1.1,477,477
5171,06/04/2022 09:40:00,1.1,477,477
5172,06/04/2022 09:50:00,1.1,477,477
5173,06/04/2022 10:00:00,1.1,476,476
5174,06/04/2022 10:10:00,1.1,476,476
5175,06/04/2022 10:20:00,1.1,476,476
5176,06/04/2022 10:30:00,1.1,476,476
5177,06/04/2022 10:40:00,1.1,476,476
5178,06/04/2022 10:50:00,1.1,476,476
5179,06/04/2022 11:00:00,1.1,476,476
5180,06/04/2022 11:10:00,1.1,476,476
5181,06/04/2022 11:20:00,1.1,475,475
5182,06/04/2022 11:30:00,1.1,475,475
5183,06/04/2022 11:40:00,1.1,475,475
5184,06/04/2022 11:50:00,1.1,475,475
5185,06/04/2022 12:00:00,1.1,475,475
5186,06/04/2022 12:10:00,1.1,475,475
5187,06/04/2022 12:20:00,1.1,475,475
5188,06/04/2022 12:30:00,1.1,474,475
5189,06/04/2022 12:40:00,1.1,475,475
5190,06/04/2022 12:50:00,1.1,474,474
5191,06/04/2022 13:00:00,1.1,474,474
5192,06/04/2022 13:10:00,1.1,474,474
5193,06/04/2022 13:20:00,1.1,474,474
5194,06/04/2022 13:30:00,1.1,474,474
5195,06/04/2022 13:40:00,1.1,474,474
5196,06/04/2022 13:50:00,1.1,474,474
5197,06/04/2022 14:00:00,1.1,473,474
5198,06/04/2022 14:10:00,1.1,473,473
5199,06/04/2022 14:20:00,1.1,473,473
5200,06/04/2022 14:30:00,1.1,473,473
5201,06/04/2022 14:40:00,1.1,473,473
5202,06/04/2022 14:50:00,1.1,473,473
5203,06/04/2022 15:00:00,1.1,473,473
5204,06/04/2022 15:10:00,1.1,473,473
5205,06/04/2022 15:20:00,1.1,473,473
5206,06/04/2022 15:30:00,1.1,473,473
5207,06/04/2022 15:40:00,1.1,472,472
5208,06/04/2022 15:50:00,1.1,472,472
5209,06/04/2022 16:00:00,1.1,472,472
5210,06/04/2022 16:10:00,1.1,472,472
5211,06/04/2022 16:20:00,1.1,472,472
5212,06/04/2022 16:30:00,1.1,472,472
5213,06/04/2022 16:40:00,1.1,472,472
5214,06/04/2022 16:50:00,1.1,472,471
5215,06/04/2022 17:00:00,1.1,471,471
5216,06/04/2022 17:10:00,1.1,471,471
5217,06/04/2022 17:20:00,1.1,471,471
5218,06/04/2022 17:30:00,1.1,471,471
5219,06/04/2022 17:40:00,1.1,471,471
5220,06/04/2022 17:50:00,1.1,471,471
5221,06/04/2022 18:00:00,1.1,471,471
5222,06/04/2022 18:10:00,1.1,471,471
5223,06/04/2022 18:20:00,1.1,470,470
5224,06/04/2022 18:30:00,1.1,470,470
5225,06/04/2022 18:40:00,1.1,470,470
5226,06/04/2022 18:50:00,1.1,470,470
5227,06/04/2022 19:00:00,1.1,470,470
5228,06/04/2022 19:10:00,1.1,470,470
5229,06/04/2022 19:20:00,1.1,469,469
5230,06/04/2022 19:30:00,1.1,470,469
5231,06/04/2022 19:40:00,1.1,469,469
5232,06/04/2022 19:50:00,1.1,469,469
5233,06/04/2022 20:00:00,1.1,469,469
5234,06/04/2022 20:10:00,1.1,469,469
5235,06/04/2022 20:20:00,1.1,469,469
5236,06/04/2022 20:30:00,1.1,469,469
5237,06/04/2022 20:40:00,1.1,469,469
5238,06/04/2022 20:50:00,1.1,468,468
5239,06/04/2022 21:00:00,1.1,468,468
5240,06/04/2022 21:10:00,1.1,468,468
5241,06/04/2022 21:20:00,1.1,468,468
5242,06/04/2022 21:30:00,1.1,468,468
5243,06/04/2022 21:40:00,1.1,468,468
5244,06/04/2022 21:50:00,1.1,467,468
5245,06/04/2022 22:00:00,1.1,467,467
5246,06/04/2022 22:10:00,1.1,467,467
5247,06/04/2022 22:20:00,1.1,467,467
5248,06/04/2022 22:30:00,1.1,467,467
5249,06/04/2022 22:40:00,1.1,467,467
5250,06/04/2022 22:50:00,1.1,467,467
5251,06/04/2022 23:00:00,1.1,467,467
5252,06/04/2022 23:10:00,1.1,466,467
5253,06/04/2022 23:20:00,1.1,466,467
5254,06/04/2022 23:30:00,1.1,466,466
5255,06/04/2022 23:40:00,1.1,466,466
5256,06/04/2022 23:50:00,1.1,466,466
5257,07/04/2022 00:00:00,1.1,466,466
5258,07/04/2022 00:10:00,1.1,466,466
5259,07/04/2022 00:20:00,1.1,466,466
5260,07/04/2022 00:30:00,1.1,466,466
5261,07/04/2022 00:40:00,1.1,466,466
5262,07/04/2022 00:50:00,1.1,466,465
5263,07/04/2022 01:00:00,1.1,465,465
5264,07/04/2022 01:10:00,1.1,465,465
5265,07/04/2022 01:20:00,1.1,465,465
5266,07/04/2022 01:30:00,1.1,465,465
5267,07/04/2022 01:40:00,1.1,465,465
5268,07/04/2022 01:50:00,1.1,465,465
5269,07/04/2022 02:00:00,1.1,465,465
5270,07/04/2022 02:10:00,1.1,464,464
5271,07/04/2022 02:20:00,1.1,464,464
5272,07/04/2022 02:30:00,1.1,464,464
5273,07/04/2022 02:40:00,1.1,464,464
5274,07/04/2022 02:50:00,1.1,464,464
5275,07/04/2022 03:00:00,1.1,464,464
5276,07/04/2022 03:10:00,1.1,464,464
5277,07/04/2022 03:20:00,1.1,463,464
5278,07/04/2022 03:30:00,1.1,464,463
5279,07/04/2022 03:40:00,1.1,463,463
5280,07/04/2022 03:50:00,1.1,463,463
5281,07/04/2022 04:00:00,1.1,463,463
5282,07/04/2022 04:10:00,1.1,463,463
5283,07/04/2022 04:20:00,1.1,463,463
5284,07/04/2022 04:30:00,1.1,463,463
5285,07/04/2022 04:40:00,1.1,463,462
5286,07/04/2022 04:50:00,1.1,462,462
5287,07/04/2022 05:00:00,1.1,462,462
5288,07/04/2022 05:10:00,1.1,462,462
5289,07/04/2022 05:20:00,1.1,462,462
5290,07/04/2022 05:30:00,1.1,462,462
5291,07/04/2022 05:40:00,1.1,462,462
5292,07/04/2022 05:50:00,1.1,462,462
5293,07/04/2022 06:00:00,1.1,461,461
5294,07/04/2022 06:10:00,1.1,461,461
5295,07/04/2022 06:20:00,1.1,461,461
5296,07/04/2022 06:30:00,1.1,461,461
5297,07/04/2022 06:40:00,1.1,461,461
5298,07/04/2022 06:50:00,1.1,461,461
5299,07/04/2022 07:00:00,1.1,461,461
5300,07/04/2022 07:10:00,1.1,460,461
5301,07/04/2022 07:20:00,1.1,460,460
5302,07/04/2022 07:30:00,1.1,460,460
5303,07/04/2022 07:40:00,1.1,460,460
5304,07/04/2022 07:50:00,1.1,460,460
5305,07/04/2022 08:00:00,1.1,460,460
5306,07/04/2022 08:10:00,1.1,460,460
5307,07/04/2022 08:20:00,1.1,460,460
5308,07/04/2022 08:30:00,1.1,460,460
5309,07/04/2022 08:40:00,1.1,459,460
5310,07/04/2022 08:50:00,1.1,459,459
5311,07/04/2022 09:00:00,1.1,459,459
5312,07/04/2022 09:10:00,1.1,459,459
5313,07/04/2022 09:20:00,1.1,459,459
5314,07/04/2022 09:30:00,1.1,459,459
5315,07/04/2022 09:40:00,1.1,459,459
5316,07/04/2022 09:50:00,1.1,459,459
5317,07/04/2022 10:00:00,1.1,458,459
5318,07/04/2022 10:10:00,1.1,458,458
5319,07/04/2022 10:20:00,1.1,458,458
5320,07/04/2022 10:30:00,1.1,458,458
5321,07/04/2022 10:40:00,1.1,458,458
5322,07/04/2022 10:50:00,1.1,458,458
5323,07/04/2022 11:00:00,1.1,458,458
5324,07/04/2022 11:10:00,1.1,458,458
5325,07/04/2022 11:20:00,1.1,458,458
5326,07/04/2022 11:30:00,1.1,457,457
5327,07/04/2022 11:40:00,1.1,457,457
5328,07/04/2022 11:50:00,1.1,457,457
5329,07/04/2022 12:00:00,1.1,457,457
5330,07/04/2022 12:10:00,1.1,457,457
5331,07/04/2022 12:20:00,1.1,457,457
5332,07/04/2022 12:30:00,1.1,457,457
5333,07/04/2022 12:40:00,1.1,457,457
5334,07/04/2022 12:50:00,1.1,456,456
5335,07/04/2022 13:00:00,1.1,456,456
5336,07/04/2022 13:10:00,1.1,456,456
5337,07/04/2022 13:20:00,1.1,456,456
5338,07/04/2022 13:30:00,1.1,456,456
5339,07/04/2022 13:40:00,1.1,456,456
5340,07/04/2022 13:50:00,1.1,456,456
5341,07/04/2022 14:00:00,1.1,455,455
5342,07/04/2022 14:10:00,1.1,455,455
5343,07/04/2022 14:20:00,1.1,455,455
5344,07/04/2022 14:30:00,1.1,455,455
5345,07/04/2022 14:40:00,1.1,455,455
5346,07/04/2022 14:50:00,1.1,455,455
5347,07/04/2022 15:00:00,1.1,455,455
5348,07/04/2022 15:10:00,1.1,455,455
5349,07/04/2022 15:20:00,1.1,454,455
5350,07/04/2022 15:30:00,1.1,454,454
5351,07/04/2022 15:40:00,1.1,454,454
5352,07/04/2022 15:50:00,1.1,454,454
5353,07/04/2022 16:00:00,1.1,454,454
5354,07/04/2022 16:10:00,1.1,454,454
5355,07/04/2022 16:20:00,1.1,454,454
5356,07/04/2022 16:30:00,1.1,454,454
5357,07/04/2022 16:40:00,1.1,458,456
5358,07/04/2022 16:50:00,1.1,465,461
5359,07/04/2022 17:00:00,1.1,472,468
5360,07/04/2022 17:10:00,1.1,480,476
5361,07/04/2022 17:20:00,1.1,486,483
5362,07/04/2022 17:30:00,1.1,492,489
5363,07/04/2022 17:40:00,1.1,496,494
5364,07/04/2022 17:50:00,1.1,500,498
5365,07/04/2022 18:00:00,1.1,502,501
5366,07/04/2022 18:10:00,1.1,504,503
5367,07/04/2022 18:20:00,1.1,505,505
5368,07/04/2022 18:30:00,1.1,507,506
5369,07/04/2022 18:40:00,1.1,508,507
5370,07/04/2022 18:50:00,1.1,510,509
5371,07/04/2022 19:00:00,1.1,511,510
5372,07/04/2022 19:10:00,1.1,512,512
5373,07/04/2022 19:20:00,1.1,513,513
5374,07/04/2022 19:30:00,1.1,515,514
5375,07/04/2022 19:40:00,1.1,516,515
5376,07/04/2022 19:50:00,1.1,517,516
5377,07/04/2022 20:00:00,1.1,518,517
5378,07/04/2022 20:10:00,1.1,519,518
5379,07/04/2022 20:20:00,1.1,519,519
5380,07/04/2022 20:30:00,1.1,520,519
5381,07/04/2022 20:40:00,1.1,520,520
5382,07/04/2022 20:50:00,1.1,521,521
5383,07/04/2022 21:00:00,1.1,521,521
5384,07/04/2022 21:10:00,1.1,522,522
5385,07/04/2022 21:20:00,1.1,522,522
5386,07/04/2022 21:30:00,1.1,522,522
5387,07/04/2022 21:40:00,1.1,523,523
5388,07/04/2022 21:50:00,1.1,523,523
5389,07/04/2022 22:00:00,1.1,523,523
5390,07/04/2022 22:10:00,1.1,523,523
5391,07/04/2022 22:20:00,1.1,523,523
5392,07/04/2022 22:30:00,1.1,523,523
5393,07/04/2022 22:40:00,1.1,523,523
5394,07/04/2022 22:50:00,1.1,523,523
5395,07/04/2022 23:00:00,1.1,523,523
5396,07/04/2022 23:10:00,1.1,523,523
5397,07/04/2022 23:20:00,1.1,522,522
5398,07/04/2022 23:30:00,1.1,522,522
5399,07/04/2022 23:40:00,1.1,522,522
5400,07/04/2022 23:50:00,1.1,521,522
5401,08/04/2022 00:00:00,1.1,521,521
5402,08/04/2022 00:10:00,1.1,521,521
5403,08/04/2022 00:20:00,1.1,520,520
5404,08/04/2022 00:30:00,1.1,520,520
5405,08/04/2022 00:40:00,1.1,519,520
5406,08/04/2022 00:50:00,1.1,519,519
5407,08/04/2022 01:00:00,1.1,519,519
5408,08/04/2022 01:10:00,1.1,518,518
5409,08/04/2022 01:20:00,1.1,517,518
5410,08/04/2022 01:30:00,1.1,517,517
5411,08/04/2022 01:40:00,1.1,516,517
5412,08/04/2022 01:50:00,1.1,516,516
5413,08/04/2022 02:00:00,1.1,515,516
5414,08/04/2022 02:10:00,1.1,515,515
5415,08/04/2022 02:20:00,1.1,514,515
5416,08/04/2022 02:30:00,1.1,514,514
5417,08/04/2022 02:40:00,1.1,513,513
5418,08/04/2022 02:50:00,1.1,513,513
5419,08/04/2022 03:00:00,1.1,512,512
5420,08/04/2022 03:10:00,1.1,512,512
5421,08/04/2022 03:20:00,1.1,511,511
5422,08/04/2022 03:30:00,1.1,511,511
5423,08/04/2022 03:40:00,1.1,510,511
5424,08/04/2022 03:50:00,1.1,510,510
5425,08/04/2022 04:00:00,1.1,509,510
5426,08/04/2022 04:10:00,1.1,509,509
5427,08/04/2022 04:20:00,1.1,508,508
5428,08/04/2022 04:30:00,1.1,508,508
5429,08/04/2022 04:40:00,1.1,507,508
5430,08/04/2022 04:50:00,1.1,507,507
5431,08/04/2022 05:00:00,1.1,506,507
5432,08/04/2022 05:10:00,1.1,506,506
5433,08/04/2022 05:20:00,1.1,505,506
5434,08/04/2022 05:30:00,1.1,505,505
5435,08/04/2022 05:40:00,1.1,504,505
5436,08/04/2022 05:50:00,1.1,504,504
5437,08/04/2022 06:00:00,1.1,504,504
5438,08/04/2022 06:10:00,1.1,503,503
5439,08/04/2022 06:20:00,1.1,503,503
5440,08/04/2022 06:30:00,1.1,502,503
5441,08/04/2022 06:40:00,1.1,502,502
5442,08/04/2022 06:50:00,1.1,502,502
5443,08/04/2022 07:00:00,1.1,501,501
5444,08/04/2022 07:10:00,1.1,501,501
5445,08/04/2022 07:20:00,1.1,500,500
5446,08/04/2022 07:30:00,1.1,500,500
5447,08/04/2022 07:40:00,1.1,499,499
5448,08/04/2022 07:50:00,1.1,499,499
5449,08/04/2022 08:00:00,1.1,498,499
5450,08/04/2022 08:10:00,1.1,498,498
5451,08/04/2022 08:20:00,1.1,497,498
5452,08/04/2022 08:30:00,1.1,497,497
5453,08/04/2022 08:40:00,1.1,497,497
5454,08/04/2022 08:50:00,1.1,496,496
5455,08/04/2022 09:00:00,1.1,496,496
5456,08/04/2022 09:10:00,1.1,495,495
5457,08/04/2022 09:20:00,1.1,495,495
5458,08/04/2022 09:30:00,1.1,495,495
5459,08/04/2022 09:40:00,1.1,494,494
5460,08/04/2022 09:50:00,1.1,494,494
5461,08/04/2022 10:00:00,1.1,493,493
5462,08/04/2022 10:10:00,1.1,493,493
5463,08/04/2022 10:20:00,1.1,493,493
5464,08/04/2022 10:30:00,1.1,493,493
5465,08/04/2022 10:40:00,1.1,493,493
5466,08/04/2022 10:50:00,1.1,492,492
5467,08/04/2022 11:00:00,1.1,492,492
5468,08/04/2022 11:10:00,1.1,492,492
5469,08/04/2022 11:20:00,1.1,492,492
5470,08/04/2022 11:30:00,1.1,492,492
5471,08/04/2022 11:40:00,1.1,492,492
5472,08/04/2022 11:50:00,1.1,492,492
5473,08/04/2022 12:00:00,1.1,491,492
5474,08/04/2022 12:10:00,1.1,491,491
5475,08/04/2022 12:20:00,1.1,491,491
5476,08/04/2022 12:30:00,1.1,491,491
5477,08/04/2022 12:40:00,1.1,491,491
5478,08/04/2022 12:50:00,1.1,491,491
5479,08/04/2022 13:00:00,1.1,491,491
5480,08/04/2022 13:10:00,1.1,491,491
5481,08/04/2022 13:20:00,1.1,491,491
5482,08/04/2022 13:30:00,1.1,490,490
5483,08/04/2022 13:40:00,1.1,490,490
5484,08/04/2022 13:50:00,1.1,490,490
5485,08/04/2022 14:00:00,1.1,490,490
5486,08/04/2022 14:10:00,1.1,490,490
5487,08/04/2022 14:20:00,1.1,490,490
5488,08/04/2022 14:30:00,1.1,490,490
5489,08/04/2022 14:40:00,1.1,490,490
5490,08/04/2022 14:50:00,1.1,490,490
5491,08/04/2022 15:00:00,1.1,490,490
5492,08/04/2022 15:10:00,1.1,490,490
5493,08/04/2022 15:20:00,1.1,490,490
5494,08/04/2022 15:30:00,1.1,490,490
5495,08/04/2022 15:40:00,1.1,514,497
5496,08/04/2022 15:50:00,1.1,574,543
5497,08/04/2022 16:00:00,1.1,614,603
5498,08/04/2022 16:10:00,1.1,614,614
5499,08/04/2022 16:20:00,1.1,614,614
5500,08/04/2022 16:30:00,1.1,614,614
5501,08/04/2022 16:40:00,1.1,614,614
5502,08/04/2022 16:50:00,1.1,614,614
5503,08/04/2022 17:00:00,1.1,614,614
5504,08/04/2022 17:10:00,1.1,614,614
5505,08/04/2022 17:20:00,1.1,614,614
5506,08/04/2022 17:30:00,1.1,614,614
5507,08/04/2022 17:40:00,1.1,614,614
5508,08/04/2022 17:50:00,1.1,614,614
5509,08/04/2022 18:00:00,1.1,614,614
5510,08/04/2022 18:10:00,1.1,614,614
5511,08/04/2022 18:20:00,1.1,614,614
5512,08/04/2022 18:30:00,1.1,614,614
5513,08/04/2022 18:40:00,1.1,614,614
5514,08/04/2022 18:50:00,1.1,614,614
5515,08/04/2022 19:00:00,1.1,614,614
5516,08/04/2022 19:10:00,1.1,614,614
5517,08/04/2022 19:20:00,1.1,614,614
5518,08/04/2022 19:30:00,1.1,614,614
5519,08/04/2022 19:40:00,1.1,614,614
5520,08/04/2022 19:50:00,1.1,614,614
5521,08/04/2022 20:00:00,1.1,614,614
5522,08/04/2022 20:10:00,1.1,614,614
5523,08/04/2022 20:20:00,1.1,614,614
5524,08/04/2022 20:30:00,1.1,614,614
5525,08/04/2022 20:40:00,1.1,614,614
5526,08/04/2022 20:50:00,1.1,614,614
5527,08/04/2022 21:00:00,1.1,614,614
5528,08/04/2022 21:10:00,1.1,614,614
5529,08/04/2022 21:20:00,1.1,614,614
5530,08/04/2022 21:30:00,1.1,614,614
5531,08/04/2022 21:40:00,1.1,614,614
5532,08/04/2022 21:50:00,1.1,614,614
5533,08/04/2022 22:00:00,1.1,614,614
5534,08/04/2022 22:10:00,1.1,614,614
5535,08/04/2022 22:20:00,1.1,614,614
5536,08/04/2022 22:30:00,1.1,614,614
5537,08/04/2022 22:40:00,1.1,614,614
5538,08/04/2022 22:50:00,1.1,614,614
5539,08/04/2022 23:00:00,1.1,614,614
5540,08/04/2022 23:10:00,1.1,614,614
5541,08/04/2022 23:20:00,1.1,614,614
5542,08/04/2022 23:30:00,1.1,614,614
5543,08/04/2022 23:40:00,1.1,614,614
5544,08/04/2022 23:50:00,1.1,614,614
5545,09/04/2022 00:00:00,1.1,614,614
5546,09/04/2022 00:10:00,1.1,614,614
5547,09/04/2022 00:20:00,1.1,614,614
5548,09/04/2022 00:30:00,1.1,614,614
5549,09/04/2022 00:40:00,1.1,614,614
5550,09/04/2022 00:50:00,1.1,614,614
5551,09/04/2022 01:00:00,1.1,614,614
5552,09/04/2022 01:10:00,1.1,614,614
5553,09/04/2022 01:20:00,1.1,614,614
5554,09/04/2022 01:30:00,1.1,614,614
5555,09/04/2022 01:40:00,1.1,614,614
5556,09/04/2022 01:50:00,1.1,614,614
5557,09/04/2022 02:00:00,1.1,614,614
5558,09/04/2022 02:10:00,1.1,611,612
5559,09/04/2022 02:20:00,1.1,608,610
5560,09/04/2022 02:30:00,1.1,605,606
5561,09/04/2022 02:40:00,1.1,602,603
5562,09/04/2022 02:50:00,1.1,599,600
5563,09/04/2022 03:00:00,1.1,597,598
5564,09/04/2022 03:10:00,1.1,595,596
5565,09/04/2022 03:20:00,1.1,593,594
5566,09/04/2022 03:30:00,1.1,592,592
5567,09/04/2022 03:40:00,1.1,590,591
5568,09/04/2022 03:50:00,1.1,588,589
5569,09/04/2022 04:00:00,1.1,586,587
5570,09/04/2022 04:10:00,1.1,585,586
5571,09/04/2022 04:20:00,1.1,583,584
5572,09/04/2022 04:30:00,1.1,581,582
5573,09/04/2022 04:40:00,1.1,579,580
5574,09/04/2022 04:50:00,1.1,577,578
5575,09/04/2022 05:00:00,1.1,575,576
5576,09/04/2022 05:10:00,1.1,573,574
5577,09/04/2022 05:20:00,1.1,572,572
5578,09/04/2022 05:30:00,1.1,570,571
5579,09/04/2022 05:40:00,1.1,568,569
5580,09/04/2022 05:50:00,1.1,567,567
5581,09/04/2022 06:00:00,1.1,565,566
5582,09/04/2022 06:10:00,1.1,563,564
5583,09/04/2022 06:20:00,1.1,561,562
5584,09/04/2022 06:30:00,1.1,560,560
5585,09/04/2022 06:40:00,1.1,558,559
5586,09/04/2022 06:50:00,1.1,556,557
5587,09/04/2022 07:00:00,1.1,553,554
5588,09/04/2022 07:10:00,1.1,551,552
5589,09/04/2022 07:20:00,1.1,549,550
5590,09/04/2022 07:30:00,1.1,547,548
5591,09/04/2022 07:40:00,1.1,544,546
5592,09/04/2022 07:50:00,1.1,542,543
5593,09/04/2022 08:00:00,1.1,540,541
5594,09/04/2022 08:10:00,1.1,538,539
5595,09/04/2022 08:20:00,1.1,536,537
5596,09/04/2022 08:30:00,1.1,534,535
5597,09/04/2022 08:40:00,1.1,532,533
5598,09/04/2022 08:50:00,1.1,529,531
5599,09/04/2022 09:00:00,1.1,528,528
5600,09/04/2022 09:10:00,1.1,526,526
5601,09/04/2022 09:20:00,1.1,524,525
5602,09/04/2022 09:30:00,1.1,522,523
5603,09/04/2022 09:40:00,1.1,520,521
5604,09/04/2022 09:50:00,1.1,518,519
5605,09/04/2022 10:00:00,1.1,517,517
5606,09/04/2022 10:10:00,1.1,515,516
5607,09/04/2022 10:20:00,1.1,514,515
5608,09/04/2022 10:30:00,1.1,512,513
5609,09/04/2022 10:40:00,1.1,511,512
5610,09/04/2022 10:50:00,1.1,509,510
5611,09/04/2022 11:00:00,1.1,508,509
5612,09/04/2022 11:10:00,1.1,506,507
5613,09/04/2022 11:20:00,1.1,505,506
5614,09/04/2022 11:30:00,1.1,504,504
5615,09/04/2022 11:40:00,1.1,502,503
5616,09/04/2022 11:50:00,1.1,501,501
5617,09/04/2022 12:00:00,1.1,499,500
5618,09/04/2022 12:10:00,1.1,498,499
5619,09/04/2022 12:20:00,1.1,497,497
5620,09/04/2022 12:30:00,1.1,495,496
5621,09/04/2022 12:40:00,1.1,494,494
5622,09/04/2022 12:50:00,1.1,493,493
5623,09/04/2022 13:00:00,1.1,493,493
5624,09/04/2022 13:10:00,1.1,492,493
5625,09/04/2022 13:20:00,1.1,492,492
5626,09/04/2022 13:30:00,1.1,492,492
5627,09/04/2022 13:40:00,1.1,492,492
5628,09/04/2022 13:50:00,1.1,492,492
5629,09/04/2022 14:00:00,1.1,492,492
5630,09/04/2022 14:10:00,1.1,492,492
5631,09/04/2022 14:20:00,1.1,492,492
5632,09/04/2022 14:30:00,1.1,492,492
5633,09/04/2022 14:40:00,1.1,492,492
5634,09/04/2022 14:50:00,1.1,492,492
5635,09/04/2022 15:00:00,1.1,492,492
5636,09/04/2022 15:10:00,1.1,493,493
5637,09/04/2022 15:20:00,1.1,495,493
5638,09/04/2022 15:30:00,1.1,514,503
5639,09/04/2022 15:40:00,1.1,550,530
5640,09/04/2022 15:50:00,1.1,588,568
5641,09/04/2022 16:00:00,1.1,614,608
5642,09/04/2022 16:10:00,1.1,614,614
5643,09/04/2022 16:20:00,1.1,614,614
5644,09/04/2022 16:30:00,1.1,614,614
5645,09/04/2022 16:40:00,1.1,614,614
5646,09/04/2022 16:50:00,1.1,614,614
5647,09/04/2022 17:00:00,1.1,614,614
5648,09/04/2022 17:10:00,1.1,614,614
5649,09/04/2022 17:20:00,1.1,614,614
5650,09/04/2022 17:30:00,1.1,614,614
5651,09/04/2022 17:40:00,1.1,614,614
5652,09/04/2022 17:50:00,1.1,614,614
5653,09/04/2022 18:00:00,1.1,614,614
5654,09/04/2022 18:10:00,1.1,614,614
5655,09/04/2022 18:20:00,1.1,614,614
5656,09/04/2022 18:30:00,1.1,614,614
5657,09/04/2022 18:40:00,1.1,614,614
5658,09/04/2022 18:50:00,1.1,614,614
5659,09/04/2022 19:00:00,1.1,614,614
5660,09/04/2022 19:10:00,1.1,614,614
5661,09/04/2022 19:20:00,1.1,614,614
5662,09/04/2022 19:30:00,1.1,614,614
5663,09/04/2022 19:40:00,1.1,614,614
5664,09/04/2022 19:50:00,1.1,614,614
5665,09/04/2022 20:00:00,1.1,614,614
5666,09/04/2022 20:10:00,1.1,614,614
5667,09/04/2022 20:20:00,1.1,614,614
5668,09/04/2022 20:30:00,1.1,614,614
5669,09/04/2022 20:40:00,1.1,614,614
5670,09/04/2022 20:50:00,1.1,614,614
5671,09/04/2022 21:00:00,1.1,614,614
5672,09/04/2022 21:10:00,1.1,614,614
5673,09/04/2022 21:20:00,1.1,614,614
5674,09/04/2022 21:30:00,1.1,614,614
5675,09/04/2022 21:40:00,1.1,614,614
5676,09/04/2022 21:50:00,1.1,614,614
5677,09/04/2022 22:00:00,1.1,614,614
5678,09/04/2022 22:10:00,1.1,614,614
5679,09/04/2022 22:20:00,1.1,614,614
5680,09/04/2022 22:30:00,1.1,614,614
5681,09/04/2022 22:40:00,1.1,614,614
5682,09/04/2022 22:50:00,1.1,614,614
5683,09/04/2022 23:00:00,1.1,614,614
5684,09/04/2022 23:10:00,1.1,614,614
5685,09/04/2022 23:20:00,1.1,614,614
5686,09/04/2022 23:30:00,1.0,614,614
5687,09/04/2022 23:40:00,1.0,614,614
5688,09/04/2022 23:50:00,1.0,614,614
5689,10/04/2022 00:00:00,1.0,614,614
5690,10/04/2022 00:10:00,1.0,614,614
5691,10/04/2022 00:20:00,1.0,614,614
5692,10/04/2022 00:30:00,1.0,614,614
5693,10/04/2022 00:40:00,1.0,614,614
5694,10/04/2022 00:50:00,1.0,614,614
5695,10/04/2022 01:00:00,1.0,614,614
5696,10/04/2022 01:10:00,1.0,614,614
5697,10/04/2022 01:20:00,1.0,614,614
5698,10/04/2022 01:30:00,1.0,614,614
5699,10/04/2022 01:40:00,1.0,614,614
5700,10/04/2022 01:50:00,1.0,614,614
5701,10/04/2022 02:00:00,1.0,614,614
5702,10/04/2022 02:10:00,1.0,614,614
5703,10/04/2022 02:20:00,1.0,614,614
5704,10/04/2022 02:30:00,1.0,614,614
5705,10/04/2022 02:40:00,1.0,614,614
5706,10/04/2022 02:50:00,1.0,614,614
5707,10/04/2022 03:00:00,1.0,614,614
5708,10/04/2022 03:10:00,1.0,614,614
5709,10/04/2022 03:20:00,1.0,614,614
5710,10/04/2022 03:30:00,1.0,614,614
5711,10/04/2022 03:40:00,1.0,614,614
5712,10/04/2022 03:50:00,1.0,614,614
5713,10/04/2022 04:00:00,1.0,611,612
5714,10/04/2022 04:10:00,1.0,609,610
5715,10/04/2022 04:20:00,1.0,606,607
5716,10/04/2022 04:30:00,1.0,603,605
5717,10/04/2022 04:40:00,1.0,601,602
5718,10/04/2022 04:50:00,1.0,598,599
5719,10/04/2022 05:00:00,1.0,596,597
5720,10/04/2022 05:10:00,1.0,595,595
5721,10/04/2022 05:20:00,1.0,593,593
5722,10/04/2022 05:30:00,1.0,591,592
5723,10/04/2022 05:40:00,1.0,589,590
5724,10/04/2022 05:50:00,1.0,588,589
5725,10/04/2022 06:00:00,1.0,586,587
5726,10/04/2022 06:10:00,1.0,584,585
5727,10/04/2022 06:20:00,1.0,582,583
5728,10/04/2022 06:30:00,1.0,580,581
5729,10/04/2022 06:40:00,1.0,578,579
5730,10/04/2022 06:50:00,1.0,576,577
5731,10/04/2022 07:00:00,1.0,574,575
5732,10/04/2022 07:10:00,1.0,572,573
5733,10/04/2022 07:20:00,1.0,570,571
5734,10/04/2022 07:30:00,1.0,568,569
5735,10/04/2022 07:40:00,1.0,567,567
5736,10/04/2022 07:50:00,1.0,565,566
5737,10/04/2022 08:00:00,1.0,563,564
5738,10/04/2022 08:10:00,1.0,561,562
5739,10/04/2022 08:20:00,1.0,560,561
5740,10/04/2022 08:30:00,1.0,558,559
5741,10/04/2022 08:40:00,1.0,556,557
5742,10/04/2022 08:50:00,1.0,554,555
5743,10/04/2022 09:00:00,1.0,551,553
5744,10/04/2022 09:10:00,1.0,549,551
5745,10/04/2022 09:20:00,1.0,547,548
5746,10/04/2022 09:30:00,1.0,545,546
5747,10/04/2022 09:40:00,1.0,543,544
5748,10/04/2022 09:50:00,1.0,541,542
5749,10/04/2022 10:00:00,1.0,539,540
5750,10/04/2022 10:10:00,1.0,537,538
5751,10/04/2022 10:20:00,1.0,535,536
5752,10/04/2022 10:30:00,1.0,533,534
5753,10/04/2022 10:40:00,1.0,531,532
5754,10/04/2022 10:50:00,1.0,529,530
5755,10/04/2022 11:00:00,1.0,527,528
5756,10/04/2022 11:10:00,1.0,525,526
5757,10/04/2022 11:20:00,1.0,523,524
5758,10/04/2022 11:30:00,1.0,521,522
5759,10/04/2022 11:40:00,1.0,519,520
5760,10/04/2022 11:50:00,1.0,518,518
5761,10/04/2022 12:00:00,1.0,516,517
5762,10/04/2022 12:10:00,1.0,514,515
5763,10/04/2022 12:20:00,1.0,513,514
5764,10/04/2022 12:30:00,1.0,511,512
5765,10/04/2022 12:40:00,1.0,510,511
5766,10/04/2022 12:50:00,1.0,508,509
5767,10/04/2022 13:00:00,1.0,506,507
5768,10/04/2022 13:10:00,1.0,505,506
5769,10/04/2022 13:20:00,1.0,504,504
5770,10/04/2022 13:30:00,1.0,502,503
5771,10/04/2022 13:40:00,1.0,501,501
5772,10/04/2022 13:50:00,1.0,499,500
5773,10/04/2022 14:00:00,1.0,498,498
5774,10/04/2022 14:10:00,1.0,496,497
5775,10/04/2022 14:20:00,1.0,495,496
5776,10/04/2022 14:30:00,1.0,493,494
5777,10/04/2022 14:40:00,1.0,492,493
5778,10/04/2022 14:50:00,1.0,492,492
5779,10/04/2022 15:00:00,1.0,492,492
5780,10/04/2022 15:10:00,1.0,492,492
5781,10/04/2022 15:20:00,1.0,492,492
5782,10/04/2022 15:30:00,1.0,492,492
5783,10/04/2022 15:40:00,1.0,492,492
5784,10/04/2022 15:50:00,1.0,492,492
5785,10/04/2022 16:00:00,1.0,491,491
5786,10/04/2022 16:10:00,1.0,491,491
5787,10/04/2022 16:20:00,1.0,491,491
5788,10/04/2022 16:30:00,1.1,491,491
5789,10/04/2022 16:40:00,1.0,491,491
5790,10/04/2022 16:50:00,1.1,491,491
5791,10/04/2022 17:00:00,1.0,491,491
5792,10/04/2022 17:10:00,1.1,491,491
5793,10/04/2022 17:20:00,1.1,490,491
5794,10/04/2022 17:30:00,1.0,490,490
5795,10/04/2022 17:40:00,1.0,490,490
5796,10/04/2022 17:50:00,1.0,490,490
5797,10/04/2022 18:00:00,1.0,490,490
5798,10/04/2022 18:10:00,1.0,490,490
5799,10/04/2022 18:20:00,1.0,490,490
5800,10/04/2022 18:30:00,1.0,490,490
5801,10/04/2022 18:40:00,1.0,490,490
5802,10/04/2022 18:50:00,1.0,489,490
5803,10/04/2022 19:00:00,1.0,489,489
5804,10/04/2022 19:10:00,1.0,489,489
5805,10/04/2022 19:20:00,1.0,489,489
5806,10/04/2022 19:30:00,1.1,489,489
5807,10/04/2022 19:40:00,1.1,489,489
5808,10/04/2022 19:50:00,1.1,489,489
5809,10/04/2022 20:00:00,1.1,489,489
5810,10/04/2022 20:10:00,1.1,489,489
5811,10/04/2022 20:20:00,1.1,488,488
5812,10/04/2022 20:30:00,1.1,488,488
5813,10/04/2022 20:40:00,1.1,488,488
5814,10/04/2022 20:50:00,1.1,488,488
5815,10/04/2022 21:00:00,1.0,488,488
5816,10/04/2022 21:10:00,1.0,488,488
5817,10/04/2022 21:20:00,1.0,488,488
5818,10/04/2022 21:30:00,1.0,488,488
5819,10/04/2022 21:40:00,1.0,488,488
5820,10/04/2022 21:50:00,1.0,488,488
5821,10/04/2022 22:00:00,1.0,488,488
5822,10/04/2022 22:10:00,1.0,488,487
5823,10/04/2022 22:20:00,1.0,487,487
5824,10/04/2022 22:30:00,1.0,487,487
5825,10/04/2022 22:40:00,1.0,487,487
5826,10/04/2022 22:50:00,1.0,487,487
5827,10/04/2022 23:00:00,1.0,487,487
5828,10/04/2022 23:10:00,1.1,487,487
5829,10/04/2022 23:20:00,1.1,487,487
5830,10/04/2022 23:30:00,1.1,487,487
5831,10/04/2022 23:40:00,1.1,487,487
5832,10/04/2022 23:50:00,1.1,486,487
5833,11/04/2022 00:00:00,1.1,486,486
5834,11/04/2022 00:10:00,1.1,486,486
5835,11/04/2022 00:20:00,1.1,486,486
5836,11/04/2022 00:30:00,1.1,486,486
5837,11/04/2022 00:40:00,1.1,486,486
5838,11/04/2022 00:50:00,1.1,486,486
5839,11/04/2022 01:00:00,1.1,486,486
5840,11/04/2022 01:10:00,1.1,486,486
5841,11/04/2022 01:20:00,1.1,486,486
5842,11/04/2022 01:30:00,1.1,486,486
5843,11/04/2022 01:40:00,1.1,486,486
5844,11/04/2022 01:50:00,1.1,486,486
5845,11/04/2022 02:00:00,1.1,486,486
5846,11/04/2022 02:10:00,1.1,486,486
5847,11/04/2022 02:20:00,1.1,486,486
5848,11/04/2022 02:30:00,1.1,486,486
5849,11/04/2022 02:40:00,1.1,486,486
5850,11/04/2022 02:50:00,1.1,486,486
5851,11/04/2022 03:00:00,1.0,486,486
5852,11/04/2022 03:10:00,1.0,486,486
5853,11/04/2022 03:20:00,1.1,485,486
5854,11/04/2022 03:30:00,1.0,485,485
5855,11/04/2022 03:40:00,1.0,485,485
5856,11/04/2022 03:50:00,1.0,485,485
5857,11/04/2022 04:00:00,1.0,485,485
5858,11/04/2022 04:10:00,1.0,485,485
5859,11/04/2022 04:20:00,1.0,485,485
5860,11/04/2022 04:30:00,1.0,485,485
5861,11/04/2022 04:40:00,1.0,485,485
5862,11/04/2022 04:50:00,1.1,485,485
5863,11/04/2022 05:00:00,1.1,485,485
5864,11/04/2022 05:10:00,1.1,485,485
5865,11/04/2022 05:20:00,1.1,484,484
5866,11/04/2022 05:30:00,1.1,484,484
5867,11/04/2022 05:40:00,1.1,484,484
5868,11/04/2022 05:50:00,1.1,484,484
5869,11/04/2022 06:00:00,1.1,484,484
5870,11/04/2022 06:10:00,1.1,484,484
5871,11/04/2022 06:20:00,1.1,484,484
5872,11/04/2022 06:30:00,1.1,484,484
5873,11/04/2022 06:40:00,1.1,484,484
5874,11/04/2022 06:50:00,1.1,484,484
5875,11/04/2022 07:00:00,1.1,483,483
5876,11/04/2022 07:10:00,1.1,483,483
5877,11/04/2022 07:20:00,1.1,483,483
5878,11/04/2022 07:30:00,1.1,483,483
5879,11/04/2022 07:40:00,1.1,483,483
5880,11/04/2022 07:50:00,1.1,483,483
5881,11/04/2022 08:00:00,1.1,483,483
5882,11/04/2022 08:10:00,1.1,483,483
5883,11/04/2022 08:20:00,1.1,483,483
5884,11/04/2022 08:30:00,1.1,483,483
5885,11/04/2022 08:40:00,1.1,482,483
5886,11/04/2022 08:50:00,1.1,482,482
5887,11/04/2022 09:00:00,1.1,482,482
5888,11/04/2022 09:10:00,1.1,482,482
5889,11/04/2022 09:20:00,1.1,482,482
5890,11/04/2022 09:30:00,1.1,482,482
5891,11/04/2022 09:40:00,1.1,482,482
5892,11/04/2022 09:50:00,1.1,482,482
5893,11/04/2022 10:00:00,1.1,481,482
5894,11/04/2022 10:10:00,1.1,481,481
5895,11/04/2022 10:20:00,1.1,481,481
5896,11/04/2022 10:30:00,1.1,481,481
5897,11/04/2022 10:40:00,1.1,481,481
5898,11/04/2022 10:50:00,1.1,481,481
5899,11/04/2022 11:00:00,1.1,481,481
5900,11/04/2022 11:10:00,1.1,481,481
5901,11/04/2022 11:20:00,1.1,481,481
5902,11/04/2022 11:30:00,1.1,481,481
5903,11/04/2022 11:40:00,1.1,481,481
5904,11/04/2022 11:50:00,1.1,481,481
5905,11/04/2022 12:00:00,1.1,480,480
5906,11/04/2022 12:10:00,1.1,480,480
5907,11/04/2022 12:20:00,1.1,480,480
5908,11/04/2022 12:30:00,1.1,480,480
5909,11/04/2022 12:40:00,1.1,480,480
5910,11/04/2022 12:50:00,1.1,480,480
5911,11/04/2022 13:00:00,1.1,480,480
5912,11/04/2022 13:10:00,1.1,480,480
5913,11/04/2022 13:20:00,1.1,479,479
5914,11/04/2022 13:30:00,1.1,480,479
5915,11/04/2022 13:40:00,1.1,479,479
5916,11/04/2022 13:50:00,1.1,479,479
5917,11/04/2022 14:00:00,1.1,479,479
5918,11/04/2022 14:10:00,1.1,479,479
5919,11/04/2022 14:20:00,1.1,479,479
5920,11/04/2022 14:30:00,1.1,479,479
5921,11/04/2022 14:40:00,1.1,479,479
5922,11/04/2022 14:50:00,1.1,478,479
5923,11/04/2022 15:00:00,1.1,478,478
5924,11/04/2022 15:10:00,1.1,478,478
5925,11/04/2022 15:20:00,1.1,478,478
5926,11/04/2022 15:30:00,1.1,478,478
5927,11/04/2022 15:40:00,1.1,478,478
5928,11/04/2022 15:50:00,1.1,478,478
5929,11/04/2022 16:00:00,1.1,478,478
5930,11/04/2022 16:10:00,1.1,478,478
5931,11/04/2022 16:20:00,1.1,478,478
5932,11/04/2022 16:30:00,1.1,478,478
5933,11/04/2022 16:40:00,1.1,478,478
5934,11/04/2022 16:50:00,1.1,478,478
5935,11/04/2022 17:00:00,1.1,478,478
5936,11/04/2022 17:10:00,1.1,478,478
5937,11/04/2022 17:20:00,1.1,478,478
5938,11/04/2022 17:30:00,1.1,478,478
5939,11/04/2022 17:40:00,1.1,478,478
5940,11/04/2022 17:50:00,1.1,478,478
5941,11/04/2022 18:00:00,1.1,479,478
5942,11/04/2022 18:10:00,1.1,479,479
5943,11/04/2022 18:20:00,1.1,481,480
5944,11/04/2022 18:30:00,1.1,483,482
5945,11/04/2022 18:40:00,1.1,487,485
5946,11/04/2022 18:50:00,1.1,491,489
5947,11/04/2022 19:00:00,1.1,496,493
5948,11/04/2022 19:10:00,1.1,501,499
5949,11/04/2022 19:20:00,1.1,508,505
5950,11/04/2022 19:30:00,1.1,516,512
5951,11/04/2022 19:40:00,1.1,523,519
5952,11/04/2022 19:50:00,1.1,531,527
5953,11/04/2022 20:00:00,1.1,539,535
5954,11/04/2022 20:10:00,1.1,547,543
5955,11/04/2022 20:20:00,1.1,555,551
5956,11/04/2022 20:30:00,1.1,561,558
5957,11/04/2022 20:40:00,1.1,566,564
5958,11/04/2022 20:50:00,1.1,571,569
5959,11/04/2022 21:00:00,1.1,576,574
5960,11/04/2022 21:10:00,1.1,581,579
5961,11/04/2022 21:20:00,1.1,585,583
5962,11/04/2022 21:30:00,1.1,589,587
5963,11/04/2022 21:40:00,1.1,593,591
5964,11/04/2022 21:50:00,1.1,596,594
5965,11/04/2022 22:00:00,1.1,600,598
5966,11/04/2022 22:10:00,1.1,604,602
5967,11/04/2022 22:20:00,1.1,608,606
5968,11/04/2022 22:30:00,1.1,612,610
5969,11/04/2022 22:40:00,1.1,613,613
5970,11/04/2022 22:50:00,1.1,614,614
5971,11/04/2022 23:00:00,1.1,614,614
5972,11/04/2022 23:10:00,1.1,614,614
5973,11/04/2022 23:20:00,1.1,614,614
5974,11/04/2022 23:30:00,1.1,614,614
5975,11/04/2022 23:40:00,1.1,614,614
5976,11/04/2022 23:50:00,1.1,614,614
5977,12/04/2022 00:00:00,1.1,614,614
5978,12/04/2022 00:10:00,1.1,614,614
5979,12/04/2022 00:20:00,1.1,614,614
5980,12/04/2022 00:30:00,1.1,614,614
5981,12/04/2022 00:40:00,1.1,614,614
5982,12/04/2022 00:50:00,1.1,614,614
5983,12/04/2022 01:00:00,1.1,614,614
5984,12/04/2022 01:10:00,1.1,614,614
5985,12/04/2022 01:20:00,1.1,614,614
5986,12/04/2022 01:30:00,1.1,614,614
5987,12/04/2022 01:40:00,1.1,614,614
5988,12/04/2022 01:50:00,1.1,614,614
5989,12/04/2022 02:00:00,1.1,614,614
5990,12/04/2022 02:10:00,1.1,614,614
5991,12/04/2022 02:20:00,1.1,614,614
5992,12/04/2022 02:30:00,1.1,614,614
5993,12/04/2022 02:40:00,1.1,614,614
5994,12/04/2022 02:50:00,1.1,614,614
5995,12/04/2022 03:00:00,1.1,614,614
5996,12/04/2022 03:10:00,1.1,614,614
5997,12/04/2022 03:20:00,1.1,614,614
5998,12/04/2022 03:30:00,1.1,614,614
5999,12/04/2022 03:40:00,1.1,614,614
6000,12/04/2022 03:50:00,1.1,614,614
6001,12/04/2022 04:00:00,1.1,614,614
6002,12/04/2022 04:10:00,1.1,614,614
6003,12/04/2022 04:20:00,1.1,614,614
6004,12/04/2022 04:30:00,1.1,614,614
6005,12/04/2022 04:40:00,1.1,613,614
6006,12/04/2022 04:50:00,1.1,611,612
6007,12/04/2022 05:00:00,1.1,609,610
6008,12/04/2022 05:10:00,1.1,607,608
6009,12/04/2022 05:20:00,1.1,605,606
6010,12/04/2022 05:30:00,1.1,603,604
6011,12/04/2022 05:40:00,1.1,602,602
6012,12/04/2022 05:50:00,1.1,600,601
6013,12/04/2022 06:00:00,1.1,598,599
6014,12/04/2022 06:10:00,1.1,596,597
6015,12/04/2022 06:20:00,1.1,595,596
6016,12/04/2022 06:30:00,1.1,593,594
6017,12/04/2022 06:40:00,1.1,592,593
6018,12/04/2022 06:50:00,1.1,591,591
6019,12/04/2022 07:00:00,1.1,589,590
6020,12/04/2022 07:10:00,1.1,589,589
6021,12/04/2022 07:20:00,1.1,587,588
6022,12/04/2022 07:30:00,1.1,586,586
6023,12/04/2022 07:40:00,1.1,584,585
6024,12/04/2022 07:50:00,1.1,582,583
6025,12/04/2022 08:00:00,1.1,581,581
6026,12/04/2022 08:10:00,1.1,579,580
6027,12/04/2022 08:20:00,1.1,577,578
6028,12/04/2022 08:30:00,1.1,576,577
6029,12/04/2022 08:40:00,1.1,574,575
6030,12/04/2022 08:50:00,1.1,573,573
6031,12/04/2022 09:00:00,1.1,571,572
6032,12/04/2022 09:10:00,1.1,570,570
6033,12/04/2022 09:20:00,1.1,568,569
6034,12/04/2022 09:30:00,1.1,567,567
6035,12/04/2022 09:40:00,1.1,566,566
6036,12/04/2022 09:50:00,1.1,564,565
6037,12/04/2022 10:00:00,1.1,563,564
6038,12/04/2022 10:10:00,1.1,561,562
6039,12/04/2022 10:20:00,1.1,560,561
6040,12/04/2022 10:30:00,1.1,558,559
6041,12/04/2022 10:40:00,1.1,557,558
6042,12/04/2022 10:50:00,1.1,555,556
6043,12/04/2022 11:00:00,1.1,553,554
6044,12/04/2022 11:10:00,1.1,551,552
6045,12/04/2022 11:20:00,1.1,550,551
6046,12/04/2022 11:30:00,1.1,548,549
6047,12/04/2022 11:40:00,1.1,546,547
6048,12/04/2022 11:50:00,1.1,545,545
6049,12/04/2022 12:00:00,1.1,543,544
6050,12/04/2022 12:10:00,1.1,541,542
6051,12/04/2022 12:20:00,1.1,539,540
6052,12/04/2022 12:30:00,1.1,538,539
6053,12/04/2022 12:40:00,1.1,536,537
6054,12/04/2022 12:50:00,1.1,534,535
6055,12/04/2022 13:00:00,1.1,533,533
6056,12/04/2022 13:10:00,1.1,531,532
6057,12/04/2022 13:20:00,1.1,529,530
6058,12/04/2022 13:30:00,1.1,528,528
6059,12/04/2022 13:40:00,1.1,526,527
6060,12/04/2022 13:50:00,1.1,525,525
6061,12/04/2022 14:00:00,1.1,523,524
6062,12/04/2022 14:10:00,1.1,521,522
6063,12/04/2022 14:20:00,1.1,520,521
6064,12/04/2022 14:30:00,1.1,518,519
6065,12/04/2022 14:40:00,1.1,517,517
6066,12/04/2022 14:50:00,1.1,516,516
6067,12/04/2022 15:00:00,1.1,514,515
6068,12/04/2022 15:10:00,1.1,513,514
6069,12/04/2022 15:20:00,1.1,511,512
6070,12/04/2022 15:30:00,1.1,510,511
6071,12/04/2022 15:40:00,1.1,509,510
6072,12/04/2022 15:50:00,1.1,508,508
6073,12/04/2022 16:00:00,1.1,506,507
6074,12/04/2022 16:10:00,1.1,505,505
6075,12/04/2022 16:20:00,1.1,504,504
6076,12/04/2022 16:30:00,1.1,502,503
6077,12/04/2022 16:40:00,1.1,501,501
6078,12/04/2022 16:50:00,1.1,499,500
6079,12/04/2022 17:00:00,1.1,498,499
6080,12/04/2022 17:10:00,1.1,497,498
6081,12/04/2022 17:20:00,1.1,496,496
6082,12/04/2022 17:30:00,1.1,495,495
6083,12/04/2022 17:40:00,1.1,493,494
6084,12/04/2022 17:50:00,1.1,492,493
6085,12/04/2022 18:00:00,1.1,492,492
6086,12/04/2022 18:10:00,1.1,492,492
6087,12/04/2022 18:20:00,1.1,492,492
6088,12/04/2022 18:30:00,1.1,492,492
6089,12/04/2022 18:40:00,1.1,492,492
6090,12/04/2022 18:50:00,1.1,491,492
6091,12/04/2022 19:00:00,1.1,491,491
6092,12/04/2022 19:10:00,1.1,491,491
6093,12/04/2022 19:20:00,1.1,491,491
6094,12/04/2022 19:30:00,1.1,491,491
6095,12/04/2022 19:40:00,1.1,491,491
6096,12/04/2022 19:50:00,1.1,491,491
6097,12/04/2022 20:00:00,1.1,491,491
6098,12/04/2022 20:10:00,1.1,490,491
6099,12/04/2022 20:20:00,1.1,490,490
6100,12/04/2022 20:30:00,1.1,490,490
6101,12/04/2022 20:40:00,1.1,490,490
6102,12/04/2022 20:50:00,1.1,490,490
6103,12/04/2022 21:00:00,1.1,490,490
6104,12/04/2022 21:10:00,1.1,490,490
6105,12/04/2022 21:20:00,1.1,490,490
6106,12/04/2022 21:30:00,1.1,490,490
6107,12/04/2022 21:40:00,1.1,490,490
6108,12/04/2022 21:50:00,1.1,489,489
6109,12/04/2022 22:00:00,1.1,489,489
6110,12/04/2022 22:10:00,1.1,489,489
6111,12/04/2022 22:20:00,1.1,489,489
6112,12/04/2022 22:30:00,1.1,489,489
6113,12/04/2022 22:40:00,1.1,489,489
6114,12/04/2022 22:50:00,1.1,489,489
6115,12/04/2022 23:00:00,1.1,489,489
6116,12/04/2022 23:10:00,1.1,489,489
6117,12/04/2022 23:20:00,1.1,489,488
6118,12/04/2022 23:30:00,1.1,488,488
6119,12/04/2022 23:40:00,1.1,488,488
6120,12/04/2022 23:50:00,1.1,488,488
6121,13/04/2022 00:00:00,1.1,488,488
6122,13/04/2022 00:10:00,1.1,488,488
6123,13/04/2022 00:20:00,1.1,488,488
6124,13/04/2022 00:30:00,1.1,488,488
6125,13/04/2022 00:40:00,1.1,488,488
6126,13/04/2022 00:50:00,1.1,487,487
6127,13/04/2022 01:00:00,1.1,487,487
6128,13/04/2022 01:10:00,1.1,487,487
6129,13/04/2022 01:20:00,1.1,487,487
6130,13/04/2022 01:30:00,1.1,487,487
6131,13/04/2022 01:40:00,1.1,487,487
6132,13/04/2022 01:50:00,1.1,487,487
6133,13/04/2022 02:00:00,1.1,487,487
6134,13/04/2022 02:10:00,1.1,487,487
6135,13/04/2022 02:20:00,1.1,487,486
6136,13/04/2022 02:30:00,1.1,487,487
6137,13/04/2022 02:40:00,1.1,486,486
6138,13/04/2022 02:50:00,1.1,486,486
6139,13/04/2022 03:00:00,1.1,486,486
6140,13/04/2022 03:10:00,1.1,486,486
6141,13/04/2022 03:20:00,1.1,486,486
6142,13/04/2022 03:30:00,1.1,486,486
6143,13/04/2022 03:40:00,1.1,486,486
6144,13/04/2022 03:50:00,1.1,486,486
6145,13/04/2022 04:00:00,1.1,485,485
6146,13/04/2022 04:10:00,1.1,485,485
6147,13/04/2022 04:20:00,1.1,485,485
6148,13/04/2022 04:30:00,1.1,485,485
6149,13/04/2022 04:40:00,1.1,485,485
6150,13/04/2022 04:50:00,1.1,485,485
6151,13/04/2022 05:00:00,1.1,485,485
6152,13/04/2022 05:10:00,1.1,485,485
6153,13/04/2022 05:20:00,1.1,484,484
6154,13/04/2022 05:30:00,1.1,484,484
6155,13/04/2022 05:40:00,1.1,484,484
6156,13/04/2022 05:50:00,1.1,484,484
6157,13/04/2022 06:00:00,1.1,484,484
6158,13/04/2022 06:10:00,1.1,484,484
6159,13/04/2022 06:20:00,1.1,484,484
6160,13/04/2022 06:30:00,1.1,484,484
6161,13/04/2022 06:40:00,1.1,483,484
6162,13/04/2022 06:50:00,1.1,484,483
6163,13/04/2022 07:00:00,1.1,483,483
6164,13/04/2022 07:10:00,1.1,483,483
6165,13/04/2022 07:20:00,1.1,483,483
6166,13/04/2022 07:30:00,1.1,483,483
6167,13/04/2022 07:40:00,1.1,483,483
6168,13/04/2022 07:50:00,1.1,483,483
6169,13/04/2022 08:00:00,1.1,483,483
6170,13/04/2022 08:10:00,1.1,483,483
6171,13/04/2022 08:20:00,1.1,483,483
6172,13/04/2022 08:30:00,1.1,482,482
6173,13/04/2022 08:40:00,1.1,482,482
6174,13/04/2022 08:50:00,1.1,482,482
6175,13/04/2022 09:00:00,1.1,482,482
6176,13/04/2022 09:10:00,1.1,482,482
6177,13/04/2022 09:20:00,1.1,482,482
6178,13/04/2022 09:30:00,1.1,482,482
6179,13/04/2022 09:40:00,1.1,481,482
6180,13/04/2022 09:50:00,1.1,481,481
6181,13/04/2022 10:00:00,1.1,481,481
6182,13/04/2022 10:10:00,1.1,481,481
6183,13/04/2022 10:20:00,1.1,481,481
6184,13/04/2022 10:30:00,1.1,481,481
6185,13/04/2022 10:40:00,1.1,481,481
6186,13/04/2022 10:50:00,1.1,481,481
6187,13/04/2022 11:00:00,1.1,481,481
6188,13/04/2022 11:10:00,1.1,481,481
6189,13/04/2022 11:20:00,1.1,480,480
6190,13/04/2022 11:30:00,1.1,480,480
6191,13/04/2022 11:40:00,1.1,480,480
6192,13/04/2022 11:50:00,1.1,480,480
6193,13/04/2022 12:00:00,1.1,480,480
6194,13/04/2022 12:10:00,1.1,480,480
6195,13/04/2022 12:20:00,1.1,480,480
6196,13/04/2022 12:30:00,1.1,480,480
6197,13/04/2022 12:40:00,1.1,480,480
6198,13/04/2022 12:50:00,1.1,479,479
6199,13/04/2022 13:00:00,1.1,479,479
6200,13/04/2022 13:10:00,1.1,479,479
6201,13/04/2022 13:20:00,1.1,479,479
6202,13/04/2022 13:30:00,1.1,479,479
6203,13/04/2022 13:40:00,1.1,479,479
6204,13/04/2022 13:50:00,1.1,479,479
6205,13/04/2022 14:00:00,1.1,479,479
6206,13/04/2022 14:10:00,1.1,479,479
6207,13/04/2022 14:20:00,1.1,478,478
6208,13/04/2022 14:30:00,1.1,478,478
6209,13/04/2022 14:40:00,1.1,478,478
6210,13/04/2022 14:50:00,1.1,478,478
6211,13/04/2022 15:00:00,1.1,478,478
6212,13/04/2022 15:10:00,1.1,478,478
6213,13/04/2022 15:20:00,1.1,478,478
6214,13/04/2022 15:30:00,1.1,478,478
6215,13/04/2022 15:40:00,1.1,477,478
6216,13/04/2022 15:50:00,1.1,477,478
6217,13/04/2022 16:00:00,1.1,477,477
6218,13/04/2022 16:10:00,1.1,477,477
6219,13/04/2022 16:20:00,1.1,477,477
6220,13/04/2022 16:30:00,1.1,477,477
6221,13/04/2022 16:40:00,1.1,477,477
6222,13/04/2022 16:50:00,1.1,477,477
6223,13/04/2022 17:00:00,1.1,477,477
6224,13/04/2022 17:10:00,1.1,476,476
6225,13/04/2022 17:20:00,1.1,476,476
6226,13/04/2022 17:30:00,1.1,476,476
6227,13/04/2022 17:40:00,1.1,476,476
6228,13/04/2022 17:50:00,1.1,476,476
6229,13/04/2022 18:00:00,1.1,476,476
6230,13/04/2022 18:10:00,1.1,476,476
6231,13/04/2022 18:20:00,1.1,476,476
6232,13/04/2022 18:30:00,1.1,475,476
6233,13/04/2022 18:40:00,1.1,475,475
6234,13/04/2022 18:50:00,1.1,475,475
6235,13/04/2022 19:00:00,1.1,475,475
6236,13/04/2022 19:10:00,1.1,475,475
6237,13/04/2022 19:20:00,1.1,475,475
6238,13/04/2022 19:30:00,1.1,475,475
6239,13/04/2022 19:40:00,1.1,475,475
6240,13/04/2022 19:50:00,1.1,475,475
6241,13/04/2022 20:00:00,1.1,474,475
6242,13/04/2022 20:10:00,1.1,474,474
6243,13/04/2022 20:20:00,1.1,474,474
6244,13/04/2022 20:30:00,1.1,474,474
6245,13/04/2022 20:40:00,1.1,474,474
6246,13/04/2022 20:50:00,1.1,474,474
6247,13/04/2022 21:00:00,1.1,474,474
6248,13/04/2022 21:10:00,1.1,474,474
6249,13/04/2022 21:20:00,1.1,474,474
6250,13/04/2022 21:30:00,1.1,473,474
6251,13/04/2022 21:40:00,1.1,473,473
6252,13/04/2022 21:50:00,1.1,473,473
6253,13/04/2022 22:00:00,1.1,473,473
6254,13/04/2022 22:10:00,1.1,473,473
6255,13/04/2022 22:20:00,1.1,473,473
6256,13/04/2022 22:30:00,1.1,473,473
6257,13/04/2022 22:40:00,1.1,473,473
6258,13/04/2022 22:50:00,1.1,473,473
6259,13/04/2022 23:00:00,1.1,473,473
6260,13/04/2022 23:10:00,1.1,472,472
6261,13/04/2022 23:20:00,1.1,472,472
6262,13/04/2022 23:30:00,1.1,472,472
6263,13/04/2022 23:40:00,1.1,472,472
6264,13/04/2022 23:50:00,1.1,472,472
6265,14/04/2022 00:00:00,1.1,472,472
6266,14/04/2022 00:10:00,1.1,472,472
6267,14/04/2022 00:20:00,1.1,472,472
6268,14/04/2022 00:30:00,1.1,471,471
6269,14/04/2022 00:40:00,1.1,471,471
6270,14/04/2022 00:50:00,1.1,471,471
6271,14/04/2022 01:00:00,1.1,471,471
6272,14/04/2022 01:10:00,1.1,471,471
6273,14/04/2022 01:20:00,1.1,471,471
6274,14/04/2022 01:30:00,1.1,471,471
6275,14/04/2022 01:40:00,1.1,471,471
6276,14/04/2022 01:50:00,1.1,471,471
6277,14/04/2022 02:00:00,1.1,470,470
6278,14/04/2022 02:10:00,1.1,470,470
6279,14/04/2022 02:20:00,1.1,470,470
6280,14/04/2022 02:30:00,1.1,470,470
6281,14/04/2022 02:40:00,1.1,470,470
6282,14/04/2022 02:50:00,1.1,470,470
6283,14/04/2022 03:00:00,1.1,470,470
6284,14/04/2022 03:10:00,1.1,470,470
6285,14/04/2022 03:20:00,1.1,469,469
6286,14/04/2022 03:30:00,1.1,469,469
6287,14/04/2022 03:40:00,1.1,469,469
6288,14/04/2022 03:50:00,1.1,469,469
6289,14/04/2022 04:00:00,1.1,469,469
6290,14/04/2022 04:10:00,1.1,469,469
6291,14/04/2022 04:20:00,1.1,469,469
6292,14/04/2022 04:30:00,1.1,469,469
6293,14/04/2022 04:40:00,1.1,469,469
6294,14/04/2022 04:50:00,1.1,468,468
6295,14/04/2022 05:00:00,1.1,468,468
6296,14/04/2022 05:10:00,1.1,468,468
6297,14/04/2022 05:20:00,1.1,468,468
6298,14/04/2022 05:30:00,1.1,468,468
6299,14/04/2022 05:40:00,1.1,468,468
6300,14/04/2022 05:50:00,1.1,468,468
6301,14/04/2022 06:00:00,1.1,467,468
6302,14/04/2022 06:10:00,1.1,467,467
6303,14/04/2022 06:20:00,1.1,467,467
6304,14/04/2022 06:30:00,1.1,467,467
6305,14/04/2022 06:40:00,1.1,467,467
6306,14/04/2022 06:50:00,1.1,467,467
6307,14/04/2022 07:00:00,1.1,467,467
6308,14/04/2022 07:10:00,1.1,467,467
6309,14/04/2022 07:20:00,1.1,466,467
6310,14/04/2022 07:30:00,1.1,466,467
6311,14/04/2022 07:40:00,1.1,466,466
6312,14/04/2022 07:50:00,1.1,466,466
6313,14/04/2022 08:00:00,1.1,466,466
6314,14/04/2022 08:10:00,1.1,466,466
6315,14/04/2022 08:20:00,1.1,466,466
6316,14/04/2022 08:30:00,1.1,466,466
6317,14/04/2022 08:40:00,1.1,466,466
6318,14/04/2022 08:50:00,1.1,466,466
6319,14/04/2022 09:00:00,1.1,466,466
6320,14/04/2022 09:10:00,1.1,465,465
6321,14/04/2022 09:20:00,1.1,465,465
6322,14/04/2022 09:30:00,1.1,465,465
6323,14/04/2022 09:40:00,1.1,465,465
6324,14/04/2022 09:50:00,1.1,465,465
6325,14/04/2022 10:00:00,1.1,465,465
6326,14/04/2022 10:10:00,1.1,465,465
6327,14/04/2022 10:20:00,1.1,465,465
6328,14/04/2022 10:30:00,1.1,464,464
6329,14/04/2022 10:40:00,1.1,464,464
6330,14/04/2022 10:50:00,1.1,464,464
6331,14/04/2022 11:00:00,1.1,464,464
6332,14/04/2022 11:10:00,1.1,464,464
6333,14/04/2022 11:20:00,1.1,464,464
6334,14/04/2022 11:30:00,1.1,464,464
6335,14/04/2022 11:40:00,1.1,464,464
6336,14/04/2022 11:50:00,1.1,463,463
6337,14/04/2022 12:00:00,1.1,464,463
6338,14/04/2022 12:10:00,1.1,463,463
6339,14/04/2022 12:20:00,1.1,463,463
6340,14/04/2022 12:30:00,1.1,463,463
6341,14/04/2022 12:40:00,1.1,463,463
6342,14/04/2022 12:50:00,1.1,463,463
6343,14/04/2022 13:00:00,1.1,463,463
6344,14/04/2022 13:10:00,1.1,462,462
6345,14/04/2022 13:20:00,1.1,462,462
6346,14/04/2022 13:30:00,1.1,462,462
6347,14/04/2022 13:40:00,1.1,462,462
6348,14/04/2022 13:50:00,1.1,462,462
6349,14/04/2022 14:00:00,1.1,462,462
6350,14/04/2022 14:10:00,1.1,462,462
6351,14/04/2022 14:20:00,1.1,462,462
6352,14/04/2022 14:30:00,1.1,462,462
6353,14/04/2022 14:40:00,1.1,461,461
6354,14/04/2022 14:50:00,1.1,461,461
6355,14/04/2022 15:00:00,1.1,461,461
6356,14/04/2022 15:10:00,1.1,461,461
6357,14/04/2022 15:20:00,1.1,461,461
6358,14/04/2022 15:30:00,1.1,461,461
6359,14/04/2022 15:40:00,1.1,461,461
6360,14/04/2022 15:50:00,1.1,461,461
6361,14/04/2022 16:00:00,1.1,460,461
6362,14/04/2022 16:10:00,1.1,460,460
6363,14/04/2022 16:20:00,1.1,460,460
6364,14/04/2022 16:30:00,1.1,460,460
6365,14/04/2022 16:40:00,1.1,460,460
6366,14/04/2022 16:50:00,1.1,460,460
6367,14/04/2022 17:00:00,1.1,460,460
6368,14/04/2022 17:10:00,1.1,460,460
6369,14/04/2022 17:20:00,1.1,459,460
6370,14/04/2022 17:30:00,1.1,459,459
6371,14/04/2022 17:40:00,1.1,459,459
6372,14/04/2022 17:50:00,1.1,459,459
6373,14/04/2022 18:00:00,1.1,459,459
6374,14/04/2022 18:10:00,1.1,459,459
6375,14/04/2022 18:20:00,1.1,459,459
6376,14/04/2022 18:30:00,1.1,459,459
6377,14/04/2022 18:40:00,1.1,458,459
6378,14/04/2022 18:50:00,1.1,458,458
6379,14/04/2022 19:00:00,1.1,458,458
6380,14/04/2022 19:10:00,1.1,458,458
6381,14/04/2022 19:20:00,1.1,458,458
6382,14/04/2022 19:30:00,1.1,458,458
6383,14/04/2022 19:40:00,1.1,458,458
6384,14/04/2022 19:50:00,1.1,458,458
6385,14/04/2022 20:00:00,1.1,458,458
6386,14/04/2022 20:10:00,1.1,458,458
6387,14/04/2022 20:20:00,1.1,458,458
6388,14/04/2022 20:30:00,1.1,457,457
6389,14/04/2022 20:40:00,1.1,457,457
6390,14/04/2022 20:50:00,1.1,457,457
6391,14/04/2022 21:00:00,1.1,457,457
6392,14/04/2022 21:10:00,1.1,457,457
6393,14/04/2022 21:20:00,1.1,457,457
6394,14/04/2022 21:30:00,1.1,457,457
6395,14/04/2022 21:40:00,1.1,457,457
6396,14/04/2022 21:50:00,1.1,456,456
6397,14/04/2022 22:00:00,1.1,456,456
6398,14/04/2022 22:10:00,1.1,456,456
6399,14/04/2022 22:20:00,1.1,456,456
6400,14/04/2022 22:30:00,1.1,456,456
6401,14/04/2022 22:40:00,1.1,456,456
6402,14/04/2022 22:50:00,1.1,456,456
6403,14/04/2022 23:00:00,1.1,455,456
6404,14/04/2022 23:10:00,1.1,455,455
6405,14/04/2022 23:20:00,1.1,455,455
6406,14/04/2022 23:30:00,1.1,455,455
6407,14/04/2022 23:40:00,1.1,455,455
6408,14/04/2022 23:50:00,1.1,455,455
6409,15/04/2022 00:00:00,1.1,455,455
6410,15/04/2022 00:10:00,1.1,455,455
6411,15/04/2022 00:20:00,1.1,455,455
6412,15/04/2022 00:30:00,1.1,454,455
6413,15/04/2022 00:40:00,1.1,454,454
6414,15/04/2022 00:50:00,1.1,454,454
6415,15/04/2022 01:00:00,1.1,454,454
6416,15/04/2022 01:10:00,1.1,454,454
6417,15/04/2022 01:20:00,1.1,454,454
6418,15/04/2022 01:30:00,1.1,454,454
6419,15/04/2022 01:40:00,1.1,454,454
6420,15/04/2022 01:50:00,1.1,453,453
6421,15/04/2022 02:00:00,1.1,453,453
6422,15/04/2022 02:10:00,1.1,453,453
6423,15/04/2022 02:20:00,1.1,453,453
6424,15/04/2022 02:30:00,1.1,453,453
6425,15/04/2022 02:40:00,1.1,453,453
6426,15/04/2022 02:50:00,1.1,453,453
6427,15/04/2022 03:00:00,1.1,453,453
6428,15/04/2022 03:10:00,1.1,452,453
6429,15/04/2022 03:20:00,1.1,452,453
6430,15/04/2022 03:30:00,1.1,452,452
6431,15/04/2022 03:40:00,1.1,452,452
6432,15/04/2022 03:50:00,1.1,452,452
6433,15/04/2022 04:00:00,1.1,452,452
6434,15/04/2022 04:10:00,1.1,452,452
6435,15/04/2022 04:20:00,1.1,452,452
6436,15/04/2022 04:30:00,1.1,452,452
6437,15/04/2022 04:40:00,1.1,451,452
6438,15/04/2022 04:50:00,1.1,451,451
6439,15/04/2022 05:00:00,1.1,451,451
6440,15/04/2022 05:10:00,1.1,451,451
6441,15/04/2022 05:20:00,1.1,451,451
6442,15/04/2022 05:30:00,1.1,451,451
6443,15/04/2022 05:40:00,1.1,451,451
6444,15/04/2022 05:50:00,1.1,451,451
6445,15/04/2022 06:00:00,1.1,450,451
6446,15/04/2022 06:10:00,1.1,450,450
6447,15/04/2022 06:20:00,1.1,450,450
6448,15/04/2022 06:30:00,1.1,450,450
6449,15/04/2022 06:40:00,1.1,450,450
6450,15/04/2022 06:50:00,1.1,450,450
6451,15/04/2022 07:00:00,1.1,450,450
6452,15/04/2022 07:10:00,1.1,450,450
6453,15/04/2022 07:20:00,1.1,450,450
6454,15/04/2022 07:30:00,1.1,450,450
6455,15/04/2022 07:40:00,1.1,450,450
6456,15/04/2022 07:50:00,1.1,449,449
6457,15/04/2022 08:00:00,1.1,449,449
6458,15/04/2022 08:10:00,1.1,449,449
6459,15/04/2022 08:20:00,1.1,449,449
6460,15/04/2022 08:30:00,1.1,449,449
6461,15/04/2022 08:40:00,1.1,449,449
6462,15/04/2022 08:50:00,1.1,449,449
6463,15/04/2022 09:00:00,1.1,449,449
6464,15/04/2022 09:10:00,1.1,449,449
6465,15/04/2022 09:20:00,1.1,448,448
6466,15/04/2022 09:30:00,1.1,448,448
6467,15/04/2022 09:40:00,1.1,448,448
6468,15/04/2022 09:50:00,1.1,448,448
6469,15/04/2022 10:00:00,1.1,448,448
6470,15/04/2022 10:10:00,1.1,448,448
6471,15/04/2022 10:20:00,1.1,448,448
6472,15/04/2022 10:30:00,1.1,448,448
6473,15/04/2022 10:40:00,1.1,448,448
6474,15/04/2022 10:50:00,1.1,447,447
6475,15/04/2022 11:00:00,1.1,447,447
6476,15/04/2022 11:10:00,1.1,447,447
6477,15/04/2022 11:20:00,1.1,447,447
6478,15/04/2022 11:30:00,1.1,447,447
6479,15/04/2022 11:40:00,1.1,447,447
6480,15/04/2022 11:50:00,1.1,447,447
6481,15/04/2022 12:00:00,1.1,447,447
6482,15/04/2022 12:10:00,1.1,447,446
6483,15/04/2022 12:20:00,1.1,446,446
6484,15/04/2022 12:30:00,1.1,446,446
6485,15/04/2022 12:40:00,1.1,446,446
6486,15/04/2022 12:50:00,1.1,446,446
6487,15/04/2022 13:00:00,1.1,446,446
6488,15/04/2022 13:10:00,1.1,446,446
6489,15/04/2022 13:20:00,1.1,446,446
6490,15/04/2022 13:30:00,1.1,446,446
6491,15/04/2022 13:40:00,1.1,445,446
6492,15/04/2022 13:50:00,1.1,445,445
6493,15/04/2022 14:00:00,1.1,445,445
6494,15/04/2022 14:10:00,1.1,445,445
6495,15/04/2022 14:20:00,1.1,445,445
6496,15/04/2022 14:30:00,1.1,445,445
6497,15/04/2022 14:40:00,1.1,445,445
6498,15/04/2022 14:50:00,1.1,445,445
6499,15/04/2022 15:00:00,1.1,445,445
6500,15/04/2022 15:10:00,1.1,444,444
6501,15/04/2022 15:20:00,1.1,444,444
6502,15/04/2022 15:30:00,1.1,444,444
6503,15/04/2022 15:40:00,1.1,444,444
6504,15/04/2022 15:50:00,1.1,444,444
6505,15/04/2022 16:00:00,1.1,444,444
6506,15/04/2022 16:10:00,1.1,444,444
6507,15/04/2022 16:20:00,1.1,444,444
6508,15/04/2022 16:30:00,1.1,443,444
6509,15/04/2022 16:40:00,1.1,443,443
6510,15/04/2022 16:50:00,1.1,443,443
6511,15/04/2022 17:00:00,1.1,443,443
6512,15/04/2022 17:10:00,1.1,443,443
6513,15/04/2022 17:20:00,1.1,443,443
6514,15/04/2022 17:30:00,1.1,443,443
6515,15/04/2022 17:40:00,1.1,442,443
6516,15/04/2022 17:50:00,1.1,442,443
6517,15/04/2022 18:00:00,1.1,442,442
6518,15/04/2022 18:10:00,1.1,442,442
6519,15/04/2022 18:20:00,1.1,442,442
6520,15/04/2022 18:30:00,1.1,442,442
6521,15/04/2022 18:40:00,1.1,442,442
6522,15/04/2022 18:50:00,1.1,442,442
6523,15/04/2022 19:00:00,1.1,442,442
6524,15/04/2022 19:10:00,1.1,442,442
6525,15/04/2022 19:20:00,1.1,442,441
6526,15/04/2022 19:30:00,1.1,442,441
6527,15/04/2022 19:40:00,1.1,441,441
6528,15/04/2022 19:50:00,1.1,441,441
6529,15/04/2022 20:00:00,1.1,441,441
6530,15/04/2022 20:10:00,1.1,441,441
6531,15/04/2022 20:20:00,1.1,441,441
6532,15/04/2022 20:30:00,1.1,441,441
6533,15/04/2022 20:40:00,1.1,441,441
6534,15/04/2022 20:50:00,1.1,441,441
6535,15/04/2022 21:00:00,1.1,441,441
6536,15/04/2022 21:10:00,1.1,440,440
6537,15/04/2022 21:20:00,1.1,440,440
6538,15/04/2022 21:30:00,1.1,440,440
6539,15/04/2022 21:40:00,1.1,440,440
6540,15/04/2022 21:50:00,1.1,440,440
6541,15/04/2022 22:00:00,1.1,440,440
6542,15/04/2022 22:10:00,1.1,440,440
6543,15/04/2022 22:20:00,1.1,440,440
6544,15/04/2022 22:30:00,1.1,439,439
6545,15/04/2022 22:40:00,1.1,439,439
6546,15/04/2022 22:50:00,1.1,439,439
6547,15/04/2022 23:00:00,1.1,439,439
6548,15/04/2022 23:10:00,1.1,439,439
6549,15/04/2022 23:20:00,1.1,439,439
6550,15/04/2022 23:30:00,1.1,439,439
6551,15/04/2022 23:40:00,1.1,439,439
6552,15/04/2022 23:50:00,1.1,438,438
6553,16/04/2022 00:00:00,1.1,438,439
6554,16/04/2022 00:10:00,1.1,438,438
6555,16/04/2022 00:20:00,1.1,438,438
6556,16/04/2022 00:30:00,1.1,438,438
6557,16/04/2022 00:40:00,1.1,438,438
6558,16/04/2022 00:50:00,1.1,438,438
6559,16/04/2022 01:00:00,1.1,438,438
6560,16/04/2022 01:10:00,1.1,438,438
6561,16/04/2022 01:20:00,1.1,437,438
6562,16/04/2022 01:30:00,1.1,437,438
6563,16/04/2022 01:40:00,1.1,437,437
6564,16/04/2022 01:50:00,1.1,437,437
6565,16/04/2022 02:00:00,1.1,437,437
6566,16/04/2022 02:10:00,1.1,437,437
6567,16/04/2022 02:20:00,1.1,437,437
6568,16/04/2022 02:30:00,1.1,437,437
6569,16/04/2022 02:40:00,1.1,437,437
6570,16/04/2022 02:50:00,1.1,437,437
6571,16/04/2022 03:00:00,1.1,437,437
6572,16/04/2022 03:10:00,1.1,436,437
6573,16/04/2022 03:20:00,1.1,436,436
6574,16/04/2022 03:30:00,1.1,436,436
6575,16/04/2022 03:40:00,1.1,436,436
6576,16/04/2022 03:50:00,1.1,436,436
6577,16/04/2022 04:00:00,1.1,436,436
6578,16/04/2022 04:10:00,1.1,436,436
6579,16/04/2022 04:20:00,1.1,436,436
6580,16/04/2022 04:30:00,1.1,436,436
6581,16/04/2022 04:40:00,1.1,436,436
6582,16/04/2022 04:50:00,1.1,436,436
6583,16/04/2022 05:00:00,1.1,435,436
6584,16/04/2022 05:10:00,1.1,435,435
6585,16/04/2022 05:20:00,1.1,435,435
6586,16/04/2022 05:30:00,1.1,435,435
6587,16/04/2022 05:40:00,1.1,435,435
6588,16/04/2022 05:50:00,1.1,435,435
6589,16/04/2022 06:00:00,1.1,435,435
6590,16/04/2022 06:10:00,1.1,435,435
6591,16/04/2022 06:20:00,1.1,435,435
6592,16/04/2022 06:30:00,1.1,435,435
6593,16/04/2022 06:40:00,1.1,435,435
6594,16/04/2022 06:50:00,1.1,435,435
6595,16/04/2022 07:00:00,1.1,435,434
6596,16/04/2022 07:10:00,1.1,434,434
6597,16/04/2022 07:20:00,1.1,434,434
6598,16/04/2022 07:30:00,1.1,434,434
6599,16/04/2022 07:40:00,1.1,434,434
6600,16/04/2022 07:50:00,1.1,434,434
6601,16/04/2022 08:00:00,1.1,434,434
6602,16/04/2022 08:10:00,1.1,434,434
6603,16/04/2022 08:20:00,1.1,434,434
6604,16/04/2022 08:30:00,1.1,434,434
6605,16/04/2022 08:40:00,1.1,434,433
6606,16/04/2022 08:50:00,1.1,433,433
6607,16/04/2022 09:00:00,1.1,433,433
6608,16/04/2022 09:10:00,1.1,433,433
6609,16/04/2022 09:20:00,1.1,433,433
6610,16/04/2022 09:30:00,1.1,433,433
6611,16/04/2022 09:40:00,1.1,433,433
6612,16/04/2022 09:50:00,1.1,433,433
6613,16/04/2022 10:00:00,1.1,433,433
6614,16/04/2022 10:10:00,1.1,433,433
6615,16/04/2022 10:20:00,1.1,433,433
6616,16/04/2022 10:30:00,1.1,432,433
6617,16/04/2022 10:40:00,1.1,433,432
6618,16/04/2022 10:50:00,1.1,432,432
6619,16/04/2022 11:00:00,1.1,432,432
6620,16/04/2022 11:10:00,1.1,432,432
6621,16/04/2022 11:20:00,1.1,432,432
6622,16/04/2022 11:30:00,1.1,432,432
6623,16/04/2022 11:40:00,1.1,432,432
6624,16/04/2022 11:50:00,1.1,432,432
6625,16/04/2022 12:00:00,1.1,432,432
6626,16/04/2022 12:10:00,1.1,431,432
6627,16/04/2022 12:20:00,1.1,432,432
6628,16/04/2022 12:30:00,1.1,431,431
6629,16/04/2022 12:40:00,1.1,431,431
6630,16/04/2022 12:50:00,1.1,431,431
6631,16/04/2022 13:00:00,1.1,431,431
6632,16/04/2022 13:10:00,1.1,431,431
6633,16/04/2022 13:20:00,1.1,431,431
6634,16/04/2022 13:30:00,1.1,431,431
6635,16/04/2022 13:40:00,1.1,431,431
6636,16/04/2022 13:50:00,1.1,431,431
6637,16/04/2022 14:00:00,1.1,431,431
6638,16/04/2022 14:10:00,1.1,431,431
6639,16/04/2022 14:20:00,1.1,431,431
6640,16/04/2022 14:30:00,1.1,430,430
6641,16/04/2022 14:40:00,1.1,430,430
6642,16/04/2022 14:50:00,1.1,430,430
6643,16/04/2022 15:00:00,1.1,430,430
6644,16/04/2022 15:10:00,1.1,430,430
6645,16/04/2022 15:20:00,1.1,430,430
6646,16/04/2022 15:30:00,1.1,430,430
6647,16/04/2022 15:40:00,1.1,430,430
6648,16/04/2022 15:50:00,1.1,430,430
6649,16/04/2022 16:00:00,1.1,430,430
6650,16/04/2022 16:10:00,1.1,430,430
6651,16/04/2022 16:20:00,1.1,429,429
6652,16/04/2022 16:30:00,1.1,429,430
6653,16/04/2022 16:40:00,1.1,429,429
6654,16/04/2022 16:50:00,1.1,429,429
6655,16/04/2022 17:00:00,1.1,429,429
6656,16/04/2022 17:10:00,1.1,429,429
6657,16/04/2022 17:20:00,1.1,429,429
6658,16/04/2022 17:30:00,1.1,429,429
6659,16/04/2022 17:40:00,1.1,429,429
6660,16/04/2022 17:50:00,1.1,429,429
6661,16/04/2022 18:00:00,1.1,429,429
6662,16/04/2022 18:10:00,1.1,428,429
6663,16/04/2022 18:20:00,1.1,428,428
6664,16/04/2022 18:30:00,1.1,428,428
6665,16/04/2022 18:40:00,1.1,428,428
6666,16/04/2022 18:50:00,1.1,428,428
6667,16/04/2022 19:00:00,1.1,428,428
6668,16/04/2022 19:10:00,1.1,428,428
6669,16/04/2022 19:20:00,1.1,428,428
6670,16/04/2022 19:30:00,1.1,428,428
6671,16/04/2022 19:40:00,1.1,428,428
6672,16/04/2022 19:50:00,1.1,428,428
6673,16/04/2022 20:00:00,1.1,428,428
6674,16/04/2022 20:10:00,1.1,428,428
6675,16/04/2022 20:20:00,1.1,428,428
6676,16/04/2022 20:30:00,1.1,427,427
6677,16/04/2022 20:40:00,1.1,427,427
6678,16/04/2022 20:50:00,1.1,427,427
6679,16/04/2022 21:00:00,1.1,427,427
6680,16/04/2022 21:10:00,1.1,427,427
6681,16/04/2022 21:20:00,1.1,427,427
6682,16/04/2022 21:30:00,1.1,427,427
6683,16/04/2022 21:40:00,1.1,427,427
6684,16/04/2022 21:50:00,1.1,427,427
6685,16/04/2022 22:00:00,1.1,427,427
6686,16/04/2022 22:10:00,1.1,427,427
6687,16/04/2022 22:20:00,1.1,426,426
6688,16/04/2022 22:30:00,1.1,427,426
6689,16/04/2022 22:40:00,1.1,426,426
6690,16/04/2022 22:50:00,1.1,426,426
6691,16/04/2022 23:00:00,1.1,426,426
6692,16/04/2022 23:10:00,1.1,426,426
6693,16/04/2022 23:20:00,1.1,426,426
6694,16/04/2022 23:30:00,1.1,426,426
6695,16/04/2022 23:40:00,1.1,426,426
6696,16/04/2022 23:50:00,1.1,426,426
6697,17/04/2022 00:00:00,1.1,426,426
6698,17/04/2022 00:10:00,1.1,426,426
6699,17/04/2022 00:20:00,1.1,426,425
6700,17/04/2022 00:30:00,1.1,425,425
6701,17/04/2022 00:40:00,1.1,426,425
6702,17/04/2022 00:50:00,1.1,425,425
6703,17/04/2022 01:00:00,1.1,425,425
6704,17/04/2022 01:10:00,1.1,425,425
6705,17/04/2022 01:20:00,1.1,425,425
6706,17/04/2022 01:30:00,1.1,425,425
6707,17/04/2022 01:40:00,1.1,425,425
6708,17/04/2022 01:50:00,1.1,425,425
6709,17/04/2022 02:00:00,1.1,425,425
6710,17/04/2022 02:10:00,1.1,425,425
6711,17/04/2022 02:20:00,1.1,424,424
6712,17/04/2022 02:30:00,1.1,425,424
6713,17/04/2022 02:40:00,1.1,424,424
6714,17/04/2022 02:50:00,1.1,424,424
6715,17/04/2022 03:00:00,1.1,424,424
6716,17/04/2022 03:10:00,1.1,424,424
6717,17/04/2022 03:20:00,1.1,424,424
6718,17/04/2022 03:30:00,1.1,424,424
6719,17/04/2022 03:40:00,1.1,424,424
6720,17/04/2022 03:50:00,1.1,424,424
6721,17/04/2022 04:00:00,1.1,424,424
6722,17/04/2022 04:10:00,1.1,424,424
6723,17/04/2022 04:20:00,1.1,424,424
6724,17/04/2022 04:30:00,1.1,423,423
6725,17/04/2022 04:40:00,1.1,423,423
6726,17/04/2022 04:50:00,1.1,423,423
6727,17/04/2022 05:00:00,1.1,423,423
6728,17/04/2022 05:10:00,1.1,423,423
6729,17/04/2022 05:20:00,1.1,423,423
6730,17/04/2022 05:30:00,1.1,423,423
6731,17/04/2022 05:40:00,1.1,423,423
6732,17/04/2022 05:50:00,1.1,423,423
6733,17/04/2022 06:00:00,1.1,423,423
6734,17/04/2022 06:10:00,1.1,423,423
6735,17/04/2022 06:20:00,1.1,423,423
6736,17/04/2022 06:30:00,1.1,422,423
6737,17/04/2022 06:40:00,1.1,422,422
6738,17/04/2022 06:50:00,1.1,422,422
6739,17/04/2022 07:00:00,1.1,422,422
6740,17/04/2022 07:10:00,1.1,422,422
6741,17/04/2022 07:20:00,1.1,422,422
6742,17/04/2022 07:30:00,1.1,422,422
6743,17/04/2022 07:40:00,1.1,422,422
6744,17/04/2022 07:50:00,1.1,422,422
6745,17/04/2022 08:00:00,1.1,422,422
6746,17/04/2022 08:10:00,1.1,422,422
6747,17/04/2022 08:20:00,1.1,422,422
6748,17/04/2022 08:30:00,1.1,421,421
6749,17/04/2022 08:40:00,1.1,422,422
6750,17/04/2022 08:50:00,1.1,421,421
6751,17/04/2022 09:00:00,1.1,421,421
6752,17/04/2022 09:10:00,1.1,421,421
6753,17/04/2022 09:20:00,1.1,421,421
6754,17/04/2022 09:30:00,1.1,421,421
6755,17/04/2022 09:40:00,1.1,421,421
6756,17/04/2022 09:50:00,1.1,421,421
6757,17/04/2022 10:00:00,1.1,421,421
6758,17/04/2022 10:10:00,1.1,421,421
6759,17/04/2022 10:20:00,1.1,421,421
6760,17/04/2022 10:30:00,1.1,421,421
6761,17/04/2022 10:40:00,1.1,420,420
6762,17/04/2022 10:50:00,1.1,420,420
6763,17/04/2022 11:00:00,1.1,420,420
6764,17/04/2022 11:10:00,1.1,420,420
6765,17/04/2022 11:20:00,1.1,420,420
6766,17/04/2022 11:30:00,1.1,420,420
6767,17/04/2022 11:40:00,1.1,420,420
6768,17/04/2022 11:50:00,1.1,420,420
6769,17/04/2022 12:00:00,1.1,420,420
6770,17/04/2022 12:10:00,1.1,420,420
6771,17/04/2022 12:20:00,1.1,419,420
6772,17/04/2022 12:30:00,1.1,420,420
6773,17/04/2022 12:40:00,1.1,419,420
6774,17/04/2022 12:50:00,1.1,419,419
6775,17/04/2022 13:00:00,1.1,419,419
6776,17/04/2022 13:10:00,1.1,419,419
6777,17/04/2022 13:20:00,1.1,419,419
6778,17/04/2022 13:30:00,1.1,419,419
6779,17/04/2022 13:40:00,1.1,419,419
6780,17/04/2022 13:50:00,1.1,419,419
6781,17/04/2022 14:00:00,1.1,419,419
6782,17/04/2022 14:10:00,1.1,419,419
6783,17/04/2022 14:20:00,1.1,419,419
6784,17/04/2022 14:30:00,1.1,419,419
6785,17/04/2022 14:40:00,1.1,419,419
6786,17/04/2022 14:50:00,1.1,419,418
6787,17/04/2022 15:00:00,1.1,419,418
6788,17/04/2022 15:10:00,1.1,418,418
6789,17/04/2022 15:20:00,1.1,418,418
6790,17/04/2022 15:30:00,1.1,418,418
6791,17/04/2022 15:40:00,1.1,418,418
6792,17/04/2022 15:50:00,1.1,418,418
6793,17/04/2022 16:00:00,1.1,418,418
6794,17/04/2022 16:10:00,1.1,418,418
6795,17/04/2022 16:20:00,1.1,418,418
6796,17/04/2022 16:30:00,1.1,418,418
6797,17/04/2022 16:40:00,1.1,418,418
6798,17/04/2022 16:50:00,1.1,418,418
6799,17/04/2022 17:00:00,1.1,417,417
6800,17/04/2022 17:10:00,1.1,417,417
6801,17/04/2022 17:20:00,1.1,417,417
6802,17/04/2022 17:30:00,1.1,417,417
6803,17/04/2022 17:40:00,1.1,417,417
6804,17/04/2022 17:50:00,1.1,417,417
6805,17/04/2022 18:00:00,1.1,417,417
6806,17/04/2022 18:10:00,1.1,417,417
6807,17/04/2022 18:20:00,1.1,417,417
6808,17/04/2022 18:30:00,1.1,417,417
6809,17/04/2022 18:40:00,1.1,417,417
6810,17/04/2022 18:50:00,1.1,417,417
6811,17/04/2022 19:00:00,1.1,416,416
6812,17/04/2022 19:10:00,1.1,416,416
6813,17/04/2022 19:20:00,1.1,416,416
6814,17/04/2022 19:30:00,1.1,416,416
6815,17/04/2022 19:40:00,1.1,416,416
6816,17/04/2022 19:50:00,1.1,416,416
6817,17/04/2022 20:00:00,1.1,416,416
6818,17/04/2022 20:10:00,1.1,416,416
6819,17/04/2022 20:20:00,1.1,416,416
6820,17/04/2022 20:30:00,1.1,416,416
6821,17/04/2022 20:40:00,1.1,416,416
6822,17/04/2022 20:50:00,1.1,416,416
6823,17/04/2022 21:00:00,1.1,416,416
6824,17/04/2022 21:10:00,1.1,415,415
6825,17/04/2022 21:20:00,1.1,415,415
6826,17/04/2022 21:30:00,1.1,415,415
6827,17/04/2022 21:40:00,1.1,415,415
6828,17/04/2022 21:50:00,1.1,415,415
6829,17/04/2022 22:00:00,1.1,415,415
6830,17/04/2022 22:10:00,1.1,415,415
6831,17/04/2022 22:20:00,1.1,415,415
6832,17/04/2022 22:30:00,1.1,415,415
6833,17/04/2022 22:40:00,1.1,415,415
6834,17/04/2022 22:50:00,1.1,415,415
6835,17/04/2022 23:00:00,1.1,415,415
6836,17/04/2022 23:10:00,1.1,414,414
6837,17/04/2022 23:20:00,1.1,414,414
6838,17/04/2022 23:30:00,1.1,414,414
6839,17/04/2022 23:40:00,1.1,414,414
6840,17/04/2022 23:50:00,1.1,414,414
6841,18/04/2022 00:00:00,1.1,414,414
6842,18/04/2022 00:10:00,1.1,414,414
6843,18/04/2022 00:20:00,1.1,414,414
6844,18/04/2022 00:30:00,1.1,414,414
6845,18/04/2022 00:40:00,1.1,414,414
6846,18/04/2022 00:50:00,1.1,414,414
6847,18/04/2022 01:00:00,1.1,414,414
6848,18/04/2022 01:10:00,1.1,413,414
6849,18/04/2022 01:20:00,1.1,414,414
6850,18/04/2022 01:30:00,1.1,413,414
6851,18/04/2022 01:40:00,1.1,413,413
6852,18/04/2022 01:50:00,1.1,413,413
6853,18/04/2022 02:00:00,1.1,413,413
6854,18/04/2022 02:10:00,1.1,413,413
6855,18/04/2022 02:20:00,1.1,413,413
6856,18/04/2022 02:30:00,1.1,413,413
6857,18/04/2022 02:40:00,1.1,413,413
6858,18/04/2022 02:50:00,1.1,413,413
6859,18/04/2022 03:00:00,1.1,413,413
6860,18/04/2022 03:10:00,1.1,413,413
6861,18/04/2022 03:20:00,1.1,413,413
6862,18/04/2022 03:30:00,1.1,412,413
6863,18/04/2022 03:40:00,1.1,412,412
6864,18/04/2022 03:50:00,1.1,412,412
6865,18/04/2022 04:00:00,1.1,412,412
6866,18/04/2022 04:10:00,1.1,412,412
6867,18/04/2022 04:20:00,1.1,412,412
6868,18/04/2022 04:30:00,1.1,412,412
6869,18/04/2022 04:40:00,1.1,412,412
6870,18/04/2022 04:50:00,1.1,412,412
6871,18/04/2022 05:00:00,1.1,412,412
6872,18/04/2022 05:10:00,1.1,412,412
6873,18/04/2022 05:20:00,1.1,411,412
6874,18/04/2022 05:30:00,1.1,411,411
6875,18/04/2022 05:40:00,1.1,411,411
6876,18/04/2022 05:50:00,1.1,411,411
6877,18/04/2022 06:00:00,1.1,411,411
6878,18/04/2022 06:10:00,1.1,411,411
6879,18/04/2022 06:20:00,1.1,411,411
6880,18/04/2022 06:30:00,1.1,411,411
6881,18/04/2022 06:40:00,1.1,411,411
6882,18/04/2022 06:50:00,1.1,411,411
6883,18/04/2022 07:00:00,1.1,411,411
6884,18/04/2022 07:10:00,1.1,411,411
6885,18/04/2022 07:20:00,1.1,411,411
6886,18/04/2022 07:30:00,1.1,411,411
6887,18/04/2022 07:40:00,1.1,411,411
6888,18/04/2022 07:50:00,1.1,411,411
6889,18/04/2022 08:00:00,1.1,411,411
6890,18/04/2022 08:10:00,1.1,410,410
6891,18/04/2022 08:20:00,1.1,411,410
6892,18/04/2022 08:30:00,1.1,410,410
6893,18/04/2022 08:40:00,1.1,410,410
6894,18/04/2022 08:50:00,1.1,410,410
6895,18/04/2022 09:00:00,1.1,410,410
6896,18/04/2022 09:10:00,1.1,410,410
6897,18/04/2022 09:20:00,1.1,410,410
6898,18/04/2022 09:30:00,1.1,410,410
6899,18/04/2022 09:40:00,1.1,410,410
6900,18/04/2022 09:50:00,1.1,410,410
6901,18/04/2022 10:00:00,1.1,409,409
6902,18/04/2022 10:10:00,1.1,410,409
6903,18/04/2022 10:20:00,1.1,409,409
6904,18/04/2022 10:30:00,1.1,409,409
6905,18/04/2022 10:40:00,1.1,409,409
6906,18/04/2022 10:50:00,1.1,409,409
6907,18/04/2022 11:00:00,1.1,409,409
6908,18/04/2022 11:10:00,1.1,409,409
6909,18/04/2022 11:20:00,1.1,409,409
6910,18/04/2022 11:30:00,1.1,409,409
6911,18/04/2022 11:40:00,1.1,409,409
6912,18/04/2022 11:50:00,1.1,409,409
6913,18/04/2022 12:00:00,1.1,409,409
6914,18/04/2022 12:10:00,1.1,409,409
6915,18/04/2022 12:20:00,1.1,409,409
6916,18/04/2022 12:30:00,1.1,408,408
6917,18/04/2022 12:40:00,1.1,408,408
6918,18/04/2022 12:50:00,1.1,408,408
6919,18/04/2022 13:00:00,1.1,408,408
6920,18/04/2022 13:10:00,1.1,408,408
6921,18/04/2022 13:20:00,1.1,408,408
6922,18/04/2022 13:30:00,1.1,408,408
6923,18/04/2022 13:40:00,1.1,408,408
6924,18/04/2022 13:50:00,1.1,408,408
6925,18/04/2022 14:00:00,1.1,408,408
6926,18/04/2022 14:10:00,1.1,408,408
6927,18/04/2022 14:20:00,1.1,422,411
6928,18/04/2022 14:30:00,1.1,462,441
6929,18/04/2022 14:40:00,1.1,511,486
6930,18/04/2022 14:50:00,1.1,562,536
6931,18/04/2022 15:00:00,1.1,612,584
6932,18/04/2022 15:10:00,1.1,614,614
6933,18/04/2022 15:20:00,1.1,614,614
6934,18/04/2022 15:30:00,1.1,614,614
6935,18/04/2022 15:40:00,1.1,614,614
6936,18/04/2022 15:50:00,1.1,614,614
6937,18/04/2022 16:00:00,1.1,614,614
6938,18/04/2022 16:10:00,1.1,614,614
6939,18/04/2022 16:20:00,1.1,614,614
6940,18/04/2022 16:30:00,1.1,614,614
6941,18/04/2022 16:40:00,1.1,614,614
6942,18/04/2022 16:50:00,1.1,614,614
6943,18/04/2022 17:00:00,1.1,614,614
6944,18/04/2022 17:10:00,1.1,614,614
6945,18/04/2022 17:20:00,1.1,614,614
6946,18/04/2022 17:30:00,1.1,614,614
6947,18/04/2022 17:40:00,1.1,614,614
6948,18/04/2022 17:50:00,1.1,614,614
6949,18/04/2022 18:00:00,1.1,614,614
6950,18/04/2022 18:10:00,1.1,614,614
6951,18/04/2022 18:20:00,1.1,614,614
6952,18/04/2022 18:30:00,1.1,614,614
6953,18/04/2022 18:40:00,1.1,614,614
6954,18/04/2022 18:50:00,1.1,614,614
6955,18/04/2022 19:00:00,1.1,614,614
6956,18/04/2022 19:10:00,1.1,614,614
6957,18/04/2022 19:20:00,1.1,614,614
6958,18/04/2022 19:30:00,1.1,614,614
6959,18/04/2022 19:40:00,1.1,614,614
6960,18/04/2022 19:50:00,1.1,614,614
6961,18/04/2022 20:00:00,1.1,614,614
6962,18/04/2022 20:10:00,1.1,614,614
6963,18/04/2022 20:20:00,1.1,614,614
6964,18/04/2022 20:30:00,1.1,614,614
6965,18/04/2022 20:40:00,1.1,614,614
6966,18/04/2022 20:50:00,1.1,614,614
6967,18/04/2022 21:00:00,1.1,614,614
6968,18/04/2022 21:10:00,1.1,614,614
6969,18/04/2022 21:20:00,1.1,614,614
6970,18/04/2022 21:30:00,1.1,614,614
6971,18/04/2022 21:40:00,1.1,609,612
6972,18/04/2022 21:50:00,1.1,602,605
6973,18/04/2022 22:00:00,1.1,597,599
6974,18/04/2022 22:10:00,1.1,593,595
6975,18/04/2022 22:20:00,1.1,590,592
6976,18/04/2022 22:30:00,1.1,587,589
6977,18/04/2022 22:40:00,1.1,583,585
6978,18/04/2022 22:50:00,1.1,579,581
6979,18/04/2022 23:00:00,1.1,576,577
6980,18/04/2022 23:10:00,1.1,572,574
6981,18/04/2022 23:20:00,1.1,569,570
6982,18/04/2022 23:30:00,1.1,566,567
6983,18/04/2022 23:40:00,1.1,563,565
6984,18/04/2022 23:50:00,1.1,560,561
6985,19/04/2022 00:00:00,1.1,557,558
6986,19/04/2022 00:10:00,1.1,553,555
6987,19/04/2022 00:20:00,1.1,550,551
6988,19/04/2022 00:30:00,1.1,546,548
6989,19/04/2022 00:40:00,1.1,543,544
6990,19/04/2022 00:50:00,1.1,540,541
6991,19/04/2022 01:00:00,1.1,537,538
6992,19/04/2022 01:10:00,1.1,534,535
6993,19/04/2022 01:20:00,1.1,531,532
6994,19/04/2022 01:30:00,1.1,528,529
6995,19/04/2022 01:40:00,1.1,525,526
6996,19/04/2022 01:50:00,1.1,522,524
6997,19/04/2022 02:00:00,1.1,520,521
6998,19/04/2022 02:10:00,1.1,518,519
6999,19/04/2022 02:20:00,1.1,515,516
7000,19/04/2022 02:30:00,1.1,513,514
7001,19/04/2022 02:40:00,1.1,512,512
7002,19/04/2022 02:50:00,1.1,510,511
7003,19/04/2022 03:00:00,1.1,508,508
7004,19/04/2022 03:10:00,1.1,505,506
7005,19/04/2022 03:20:00,1.1,504,505
7006,19/04/2022 03:30:00,1.1,502,503
7007,19/04/2022 03:40:00,1.1,500,501
7008,19/04/2022 03:50:00,1.1,498,499
7009,19/04/2022 04:00:00,1.1,497,497
7010,19/04/2022 04:10:00,1.1,495,496
7011,19/04/2022 04:20:00,1.1,493,494
7012,19/04/2022 04:30:00,1.1,493,493
7013,19/04/2022 04:40:00,1.1,493,493
7014,19/04/2022 04:50:00,1.1,492,492
7015,19/04/2022 05:00:00,1.1,492,492
7016,19/04/2022 05:10:00,1.1,492,492
7017,19/04/2022 05:20:00,1.1,492,492
7018,19/04/2022 05:30:00,1.1,492,492
7019,19/04/2022 05:40:00,1.1,492,492
7020,19/04/2022 05:50:00,1.1,492,492
7021,19/04/2022 06:00:00,1.1,492,492
7022,19/04/2022 06:10:00,1.1,492,492
7023,19/04/2022 06:20:00,1.1,491,492
7024,19/04/2022 06:30:00,1.1,491,491
7025,19/04/2022 06:40:00,1.1,491,491
7026,19/04/2022 06:50:00,1.1,491,491
7027,19/04/2022 07:00:00,1.1,491,491
7028,19/04/2022 07:10:00,1.1,491,491
7029,19/04/2022 07:20:00,1.1,491,491
7030,19/04/2022 07:30:00,1.1,491,491
7031,19/04/2022 07:40:00,1.1,491,491
7032,19/04/2022 07:50:00,1.1,491,491
7033,19/04/2022 08:00:00,1.1,491,491
7034,19/04/2022 08:10:00,1.1,490,491
7035,19/04/2022 08:20:00,1.1,491,490
7036,19/04/2022 08:30:00,1.1,490,491
7037,19/04/2022 08:40:00,1.1,490,490
7038,19/04/2022 08:50:00,1.1,490,490
7039,19/04/2022 09:00:00,1.1,490,490
7040,19/04/2022 09:10:00,1.1,490,490
7041,19/04/2022 09:20:00,1.1,490,490
7042,19/04/2022 09:30:00,1.1,490,490
7043,19/04/2022 09:40:00,1.1,490,490
7044,19/04/2022 09:50:00,1.1,490,490
7045,19/04/2022 10:00:00,1.1,490,490
7046,19/04/2022 10:10:00,1.1,490,490
7047,19/04/2022 10:20:00,1.1,489,490
7048,19/04/2022 10:30:00,1.1,489,489
7049,19/04/2022 10:40:00,1.1,489,489
7050,19/04/2022 10:50:00,1.1,489,489
7051,19/04/2022 11:00:00,1.1,489,489
7052,19/04/2022 11:10:00,1.1,489,489
7053,19/04/2022 11:20:00,1.1,489,489
7054,19/04/2022 11:30:00,1.1,489,489
7055,19/04/2022 11:40:00,1.1,489,489
7056,19/04/2022 11:50:00,1.1,489,489
7057,19/04/2022 12:00:00,1.1,489,489
7058,19/04/2022 12:10:00,1.1,489,489
7059,19/04/2022 12:20:00,1.1,489,489
7060,19/04/2022 12:30:00,1.1,489,489
7061,19/04/2022 12:40:00,1.1,489,489
7062,19/04/2022 12:50:00,1.1,488,488
7063,19/04/2022 13:00:00,1.1,488,488
7064,19/04/2022 13:10:00,1.1,488,488
7065,19/04/2022 13:20:00,1.1,488,488
7066,19/04/2022 13:30:00,1.1,488,488
7067,19/04/2022 13:40:00,1.1,488,488
7068,19/04/2022 13:50:00,1.1,518,497
7069,19/04/2022 14:00:00,1.1,608,560
7070,19/04/2022 14:10:00,1.1,614,614
7071,19/04/2022 14:20:00,1.1,614,614
7072,19/04/2022 14:30:00,1.1,614,614
7073,19/04/2022 14:40:00,1.1,614,614
7074,19/04/2022 14:50:00,1.1,614,614
7075,19/04/2022 15:00:00,1.1,614,614
7076,19/04/2022 15:10:00,1.1,614,614
7077,19/04/2022 15:20:00,1.1,614,614
7078,19/04/2022 15:30:00,1.1,614,614
7079,19/04/2022 15:40:00,1.1,614,614
7080,19/04/2022 15:50:00,1.1,614,614
7081,19/04/2022 16:00:00,1.1,614,614
7082,19/04/2022 16:10:00,1.1,614,614
7083,19/04/2022 16:20:00,1.1,614,614
7084,19/04/2022 16:30:00,1.1,614,614
7085,19/04/2022 16:40:00,1.1,614,614
7086,19/04/2022 16:50:00,1.1,614,614
7087,19/04/2022 17:00:00,1.1,614,614
7088,19/04/2022 17:10:00,1.1,614,614
7089,19/04/2022 17:20:00,1.1,614,614
7090,19/04/2022 17:30:00,1.1,614,614
7091,19/04/2022 17:40:00,1.1,614,614
7092,19/04/2022 17:50:00,1.0,614,614
7093,19/04/2022 18:00:00,1.0,614,614
7094,19/04/2022 18:10:00,1.0,614,614
7095,19/04/2022 18:20:00,1.0,614,614
7096,19/04/2022 18:30:00,1.0,614,614
7097,19/04/2022 18:40:00,1.0,614,614
7098,19/04/2022 18:50:00,1.0,614,614
7099,19/04/2022 19:00:00,1.0,614,614
7100,19/04/2022 19:10:00,1.0,614,614
7101,19/04/2022 19:20:00,1.0,614,614
7102,19/04/2022 19:30:00,1.0,614,614
7103,19/04/2022 19:40:00,1.0,614,614
7104,19/04/2022 19:50:00,1.0,614,614
7105,19/04/2022 20:00:00,1.0,614,614
7106,19/04/2022 20:10:00,1.0,614,614
7107,19/04/2022 20:20:00,1.0,614,614
7108,19/04/2022 20:30:00,1.0,614,614
7109,19/04/2022 20:40:00,1.0,613,614
7110,19/04/2022 20:50:00,1.0,614,614
7111,19/04/2022 21:00:00,1.0,614,614
7112,19/04/2022 21:10:00,1.0,614,614
7113,19/04/2022 21:20:00,1.0,614,614
7114,19/04/2022 21:30:00,1.0,614,614
7115,19/04/2022 21:40:00,1.0,614,614
7116,19/04/2022 21:50:00,1.0,613,614
7117,19/04/2022 22:00:00,1.0,614,614
7118,19/04/2022 22:10:00,1.0,614,614
7119,19/04/2022 22:20:00,1.0,614,614
7120,19/04/2022 22:30:00,1.0,614,614
7121,19/04/2022 22:40:00,1.0,613,614
7122,19/04/2022 22:50:00,1.0,614,614
7123,19/04/2022 23:00:00,1.0,614,614
7124,19/04/2022 23:10:00,1.0,614,614
7125,19/04/2022 23:20:00,1.0,614,614
7126,19/04/2022 23:30:00,1.0,614,614
7127,19/04/2022 23:40:00,1.0,614,614
7128,19/04/2022 23:50:00,1.0,614,614
7129,20/04/2022 00:00:00,1.0,614,614
7130,20/04/2022 00:10:00,1.0,614,614
7131,20/04/2022 00:20:00,1.0,614,614
7132,20/04/2022 00:30:00,1.0,614,614
7133,20/04/2022 00:40:00,1.0,614,614
7134,20/04/2022 00:50:00,1.0,614,614
7135,20/04/2022 01:00:00,1.0,614,614
7136,20/04/2022 01:10:00,1.0,611,613
7137,20/04/2022 01:20:00,1.0,609,610
7138,20/04/2022 01:30:00,1.0,605,606
7139,20/04/2022 01:40:00,1.0,601,603
7140,20/04/2022 01:50:00,1.0,599,600
7141,20/04/2022 02:00:00,1.0,596,597
7142,20/04/2022 02:10:00,1.0,593,595
7143,20/04/2022 02:20:00,1.0,591,592
7144,20/04/2022 02:30:00,1.0,590,590
7145,20/04/2022 02:40:00,1.0,588,589
7146,20/04/2022 02:50:00,1.0,585,586
7147,20/04/2022 03:00:00,1.0,583,584
7148,20/04/2022 03:10:00,1.0,581,582
7149,20/04/2022 03:20:00,1.0,579,580
7150,20/04/2022 03:30:00,1.0,576,578
7151,20/04/2022 03:40:00,1.0,574,575
7152,20/04/2022 03:50:00,1.0,572,573
7153,20/04/2022 04:00:00,1.0,570,571
7154,20/04/2022 04:10:00,1.0,568,569
7155,20/04/2022 04:20:00,1.0,566,567
7156,20/04/2022 04:30:00,1.0,565,566
7157,20/04/2022 04:40:00,1.0,563,564
7158,20/04/2022 04:50:00,1.0,561,562
7159,20/04/2022 05:00:00,1.0,559,560
7160,20/04/2022 05:10:00,1.0,557,558
7161,20/04/2022 05:20:00,1.0,555,556
7162,20/04/2022 05:30:00,1.0,553,554
7163,20/04/2022 05:40:00,1.0,550,552
7164,20/04/2022 05:50:00,1.0,548,550
7165,20/04/2022 06:00:00,1.0,546,547
7166,20/04/2022 06:10:00,1.0,544,545
7167,20/04/2022 06:20:00,1.0,542,543
7168,20/04/2022 06:30:00,1.0,540,541
7169,20/04/2022 06:40:00,1.0,538,539
7170,20/04/2022 06:50:00,1.0,536,537
7171,20/04/2022 07:00:00,1.0,534,535
7172,20/04/2022 07:10:00,1.0,532,533
7173,20/04/2022 07:20:00,1.0,530,531
7174,20/04/2022 07:30:00,1.0,528,529
7175,20/04/2022 07:40:00,1.0,526,527
7176,20/04/2022 07:50:00,1.0,525,525
7177,20/04/2022 08:00:00,1.0,523,524
7178,20/04/2022 08:10:00,1.0,521,522
7179,20/04/2022 08:20:00,1.0,519,520
7180,20/04/2022 08:30:00,1.0,518,518
7181,20/04/2022 08:40:00,1.0,516,517
7182,20/04/2022 08:50:00,1.0,514,515
7183,20/04/2022 09:00:00,1.0,513,514
7184,20/04/2022 09:10:00,1.0,512,512
7185,20/04/2022 09:20:00,1.0,510,511
7186,20/04/2022 09:30:00,1.0,509,510
7187,20/04/2022 09:40:00,1.0,508,508
7188,20/04/2022 09:50:00,1.0,506,507
7189,20/04/2022 10:00:00,1.0,505,506
7190,20/04/2022 10:10:00,1.0,503,504
7191,20/04/2022 10:20:00,1.0,502,503
7192,20/04/2022 10:30:00,1.0,501,501
7193,20/04/2022 10:40:00,1.0,499,500
7194,20/04/2022 10:50:00,1.0,498,499
7195,20/04/2022 11:00:00,1.0,497,497
7196,20/04/2022 11:10:00,1.0,495,496
7197,20/04/2022 11:20:00,1.0,494,495
7198,20/04/2022 11:30:00,1.0,493,493
7199,20/04/2022 11:40:00,1.0,492,492
7200,20/04/2022 11:50:00,1.0,492,492
7201,20/04/2022 12:00:00,1.0,492,492
7202,20/04/2022 12:10:00,1.0,492,492
7203,20/04/2022 12:20:00,1.0,492,492
7204,20/04/2022 12:30:00,1.0,492,492
7205,20/04/2022 12:40:00,1.0,491,492
7206,20/04/2022 12:50:00,1.0,491,491
7207,20/04/2022 13:00:00,1.0,491,491
7208,20/04/2022 13:10:00,1.0,491,491
7209,20/04/2022 13:20:00,1.0,491,491
7210,20/04/2022 13:30:00,1.0,491,491
7211,20/04/2022 13:40:00,1.0,492,491
7212,20/04/2022 13:50:00,1.0,531,508
7213,20/04/2022 14:00:00,1.0,587,559
7214,20/04/2022 14:10:00,1.0,614,608
7215,20/04/2022 14:20:00,1.0,614,614
7216,20/04/2022 14:30:00,1.0,614,614
7217,20/04/2022 14:40:00,1.0,614,614
7218,20/04/2022 14:50:00,1.0,614,614
7219,20/04/2022 15:00:00,1.0,614,614
7220,20/04/2022 15:10:00,1.0,614,614
7221,20/04/2022 15:20:00,1.0,614,614
7222,20/04/2022 15:30:00,1.0,614,614
7223,20/04/2022 15:40:00,1.0,614,614
7224,20/04/2022 15:50:00,1.0,614,614
7225,20/04/2022 16:00:00,1.0,614,614
7226,20/04/2022 16:10:00,1.0,614,614
7227,20/04/2022 16:20:00,1.0,614,614
7228,20/04/2022 16:30:00,1.0,613,614
7229,20/04/2022 16:40:00,1.0,613,613
7230,20/04/2022 16:50:00,1.0,613,613
7231,20/04/2022 17:00:00,1.0,613,613
7232,20/04/2022 17:10:00,1.0,613,613
7233,20/04/2022 17:20:00,1.0,613,613
7234,20/04/2022 17:30:00,1.0,613,613
7235,20/04/2022 17:40:00,1.0,613,613
7236,20/04/2022 17:50:00,1.0,613,613
7237,20/04/2022 18:00:00,1.0,613,613
7238,20/04/2022 18:10:00,1.0,613,613
7239,20/04/2022 18:20:00,1.0,613,613
7240,20/04/2022 18:30:00,1.0,613,613
7241,20/04/2022 18:40:00,1.0,613,613
7242,20/04/2022 18:50:00,1.0,613,613
7243,20/04/2022 19:00:00,1.0,613,613
7244,20/04/2022 19:10:00,1.0,613,613
7245,20/04/2022 19:20:00,1.0,613,613
7246,20/04/2022 19:30:00,1.0,614,613
7247,20/04/2022 19:40:00,1.0,613,613
7248,20/04/2022 19:50:00,1.0,613,613
7249,20/04/2022 20:00:00,1.0,613,613
7250,20/04/2022 20:10:00,1.0,613,613
7251,20/04/2022 20:20:00,1.0,613,613
7252,20/04/2022 20:30:00,1.0,613,613
7253,20/04/2022 20:40:00,1.0,614,613
7254,20/04/2022 20:50:00,1.0,613,613
7255,20/04/2022 21:00:00,1.0,613,613
7256,20/04/2022 21:10:00,1.0,614,613
7257,20/04/2022 21:20:00,1.0,614,614
7258,20/04/2022 21:30:00,1.0,613,613
7259,20/04/2022 21:40:00,1.0,614,613
7260,20/04/2022 21:50:00,1.0,614,614
7261,20/04/2022 22:00:00,1.0,613,614
7262,20/04/2022 22:10:00,1.0,614,613
7263,20/04/2022 22:20:00,1.0,613,613
7264,20/04/2022 22:30:00,1.0,613,614
7265,20/04/2022 22:40:00,1.0,614,614
7266,20/04/2022 22:50:00,1.0,613,614
7267,20/04/2022 23:00:00,1.0,613,614
7268,20/04/2022 23:10:00,1.0,614,613
7269,20/04/2022 23:20:00,1.0,611,613
7270,20/04/2022 23:30:00,1.0,607,610
7271,20/04/2022 23:40:00,1.0,603,605
7272,20/04/2022 23:50:00,1.0,598,600
7273,21/04/2022 00:00:00,1.0,594,596
7274,21/04/2022 00:10:00,1.0,591,593
7275,21/04/2022 00:20:00,1.0,589,590
7276,21/04/2022 00:30:00,1.0,586,587
7277,21/04/2022 00:40:00,1.0,583,584
7278,21/04/2022 00:50:00,1.0,580,581
7279,21/04/2022 01:00:00,1.0,577,578
7280,21/04/2022 01:10:00,1.0,573,575
7281,21/04/2022 01:20:00,1.0,571,572
7282,21/04/2022 01:30:00,1.0,568,569
7283,21/04/2022 01:40:00,1.0,565,567
7284,21/04/2022 01:50:00,1.0,563,564
7285,21/04/2022 02:00:00,1.0,560,561
7286,21/04/2022 02:10:00,1.0,557,558
7287,21/04/2022 02:20:00,1.0,554,556
7288,21/04/2022 02:30:00,1.0,550,552
7289,21/04/2022 02:40:00,1.0,547,549
7290,21/04/2022 02:50:00,1.0,544,545
7291,21/04/2022 03:00:00,1.0,541,542
7292,21/04/2022 03:10:00,1.0,537,539
7293,21/04/2022 03:20:00,1.0,534,536
7294,21/04/2022 03:30:00,1.0,531,533
7295,21/04/2022 03:40:00,1.0,528,530
7296,21/04/2022 03:50:00,1.0,526,527
7297,21/04/2022 04:00:00,1.0,523,524
7298,21/04/2022 04:10:00,1.0,520,522
7299,21/04/2022 04:20:00,1.0,518,519
7300,21/04/2022 04:30:00,1.0,516,517
7301,21/04/2022 04:40:00,1.0,514,515
7302,21/04/2022 04:50:00,1.0,511,513
7303,21/04/2022 05:00:00,1.0,509,510
7304,21/04/2022 05:10:00,1.0,507,508
7305,21/04/2022 05:20:00,1.0,505,506
7306,21/04/2022 05:30:00,1.0,503,504
7307,21/04/2022 05:40:00,1.0,501,502
7308,21/04/2022 05:50:00,1.0,499,500
7309,21/04/2022 06:00:00,1.0,496,498
7310,21/04/2022 06:10:00,1.0,495,496
7311,21/04/2022 06:20:00,1.0,493,494
7312,21/04/2022 06:30:00,1.0,492,492
7313,21/04/2022 06:40:00,1.0,492,492
7314,21/04/2022 06:50:00,1.0,492,492
7315,21/04/2022 07:00:00,1.0,492,492
7316,21/04/2022 07:10:00,1.0,492,492
7317,21/04/2022 07:20:00,1.0,492,492
7318,21/04/2022 07:30:00,1.0,492,492
7319,21/04/2022 07:40:00,1.0,492,492
7320,21/04/2022 07:50:00,1.0,491,491
7321,21/04/2022 08:00:00,1.0,491,491
7322,21/04/2022 08:10:00,1.0,491,491
7323,21/04/2022 08:20:00,1.0,491,491
7324,21/04/2022 08:30:00,1.0,491,491
7325,21/04/2022 08:40:00,1.0,491,491
7326,21/04/2022 08:50:00,1.0,491,491
7327,21/04/2022 09:00:00,1.0,491,491
7328,21/04/2022 09:10:00,1.0,491,491
7329,21/04/2022 09:20:00,1.0,491,491
7330,21/04/2022 09:30:00,1.0,491,491
7331,21/04/2022 09:40:00,1.0,491,491
7332,21/04/2022 09:50:00,1.0,491,491
7333,21/04/2022 10:00:00,1.0,491,491
7334,21/04/2022 10:10:00,1.0,491,491
7335,21/04/2022 10:20:00,1.0,490,490
7336,21/04/2022 10:30:00,1.0,490,490
7337,21/04/2022 10:40:00,1.0,490,490
7338,21/04/2022 10:50:00,1.0,490,490
7339,21/04/2022 11:00:00,1.0,490,490
7340,21/04/2022 11:10:00,1.0,490,490
7341,21/04/2022 11:20:00,1.0,490,490
7342,21/04/2022 11:30:00,1.0,490,490
7343,21/04/2022 11:40:00,1.0,490,490
7344,21/04/2022 11:50:00,1.0,490,490
7345,21/04/2022 12:00:00,1.0,490,490
7346,21/04/2022 12:10:00,1.0,489,490
7347,21/04/2022 12:20:00,1.0,489,489
7348,21/04/2022 12:30:00,1.0,489,489
7349,21/04/2022 12:40:00,1.0,489,489
7350,21/04/2022 12:50:00,1.0,489,489
7351,21/04/2022 13:00:00,1.0,494,490
7352,21/04/2022 13:10:00,1.0,567,528
7353,21/04/2022 13:20:00,1.0,614,600
7354,21/04/2022 13:30:00,1.0,614,614
7355,21/04/2022 13:40:00,1.0,614,614
7356,21/04/2022 13:50:00,1.0,613,614
7357,21/04/2022 14:00:00,1.0,613,614
7358,21/04/2022 14:10:00,1.0,614,613
7359,21/04/2022 14:20:00,1.0,614,614
7360,21/04/2022 14:30:00,1.0,614,614
7361,21/04/2022 14:40:00,1.0,614,614
7362,21/04/2022 14:50:00,1.0,613,614
7363,21/04/2022 15:00:00,1.0,613,613
7364,21/04/2022 15:10:00,1.0,614,614
7365,21/04/2022 15:20:00,1.0,614,614
7366,21/04/2022 15:30:00,1.0,614,614
7367,21/04/2022 15:40:00,1.0,614,614
7368,21/04/2022 15:50:00,1.0,614,614
7369,21/04/2022 16:00:00,1.0,613,613
7370,21/04/2022 16:10:00,1.0,613,613
7371,21/04/2022 16:20:00,1.0,613,613
7372,21/04/2022 16:30:00,1.0,613,613
7373,21/04/2022 16:40:00,1.0,613,613
7374,21/04/2022 16:50:00,1.0,613,613
7375,21/04/2022 17:00:00,1.0,613,613
7376,21/04/2022 17:10:00,1.0,613,613
7377,21/04/2022 17:20:00,1.0,613,613
7378,21/04/2022 17:30:00,1.0,613,613
7379,21/04/2022 17:40:00,1.0,613,613
7380,21/04/2022 17:50:00,1.0,613,613
7381,21/04/2022 18:00:00,1.0,613,613
7382,21/04/2022 18:10:00,1.0,613,613
7383,21/04/2022 18:20:00,1.0,613,613
7384,21/04/2022 18:30:00,1.0,613,613
7385,21/04/2022 18:40:00,1.0,613,613
7386,21/04/2022 18:50:00,1.0,613,613
7387,21/04/2022 19:00:00,1.0,613,613
7388,21/04/2022 19:10:00,1.0,613,613
7389,21/04/2022 19:20:00,1.0,613,613
7390,21/04/2022 19:30:00,1.0,613,613
7391,21/04/2022 19:40:00,1.0,613,613
7392,21/04/2022 19:50:00,1.0,613,613
7393,21/04/2022 20:00:00,1.0,613,613
7394,21/04/2022 20:10:00,1.0,613,613
7395,21/04/2022 20:20:00,1.0,613,613
7396,21/04/2022 20:30:00,1.0,613,613
7397,21/04/2022 20:40:00,1.0,613,613
7398,21/04/2022 20:50:00,1.0,613,613
7399,21/04/2022 21:00:00,1.0,613,613
7400,21/04/2022 21:10:00,1.0,613,613
7401,21/04/2022 21:20:00,1.0,613,613
7402,21/04/2022 21:30:00,1.0,613,613
7403,21/04/2022 21:40:00,1.0,613,613
7404,21/04/2022 21:50:00,1.0,613,613
7405,21/04/2022 22:00:00,1.0,613,613
7406,21/04/2022 22:10:00,1.0,613,613
7407,21/04/2022 22:20:00,1.0,613,613
7408,21/04/2022 22:30:00,1.0,613,613
7409,21/04/2022 22:40:00,1.0,613,613
7410,21/04/2022 22:50:00,1.0,613,613
7411,21/04/2022 23:00:00,1.0,613,613
7412,21/04/2022 23:10:00,1.0,613,613
7413,21/04/2022 23:20:00,1.0,613,613
7414,21/04/2022 23:30:00,1.0,613,613
7415,21/04/2022 23:40:00,1.0,613,613
7416,21/04/2022 23:50:00,1.0,614,613
7417,22/04/2022 00:00:00,1.0,614,614
7418,22/04/2022 00:10:00,1.0,613,614
7419,22/04/2022 00:20:00,1.0,614,614
7420,22/04/2022 00:30:00,1.0,611,612
7421,22/04/2022 00:40:00,1.0,607,609
7422,22/04/2022 00:50:00,1.0,603,605
7423,22/04/2022 01:00:00,1.0,600,601
7424,22/04/2022 01:10:00,1.0,596,598
7425,22/04/2022 01:20:00,1.0,593,595
7426,22/04/2022 01:30:00,1.0,591,592
7427,22/04/2022 01:40:00,1.0,589,590
7428,22/04/2022 01:50:00,1.0,586,588
7429,22/04/2022 02:00:00,1.0,584,585
7430,22/04/2022 02:10:00,1.0,581,583
7431,22/04/2022 02:20:00,1.0,579,580
7432,22/04/2022 02:30:00,1.0,576,577
7433,22/04/2022 02:40:00,1.0,574,575
7434,22/04/2022 02:50:00,1.0,571,572
7435,22/04/2022 03:00:00,1.0,569,570
7436,22/04/2022 03:10:00,1.0,567,568
7437,22/04/2022 03:20:00,1.0,565,566
7438,22/04/2022 03:30:00,1.0,563,564
7439,22/04/2022 03:40:00,1.0,561,562
7440,22/04/2022 03:50:00,1.0,558,559
7441,22/04/2022 04:00:00,1.0,556,557
7442,22/04/2022 04:10:00,1.0,553,555
7443,22/04/2022 04:20:00,1.0,551,552
7444,22/04/2022 04:30:00,1.0,548,549
7445,22/04/2022 04:40:00,1.0,546,547
7446,22/04/2022 04:50:00,1.0,543,544
7447,22/04/2022 05:00:00,1.0,540,542
7448,22/04/2022 05:10:00,1.0,538,539
7449,22/04/2022 05:20:00,1.0,536,537
7450,22/04/2022 05:30:00,1.0,533,535
7451,22/04/2022 05:40:00,1.0,531,532
7452,22/04/2022 05:50:00,1.0,529,530
7453,22/04/2022 06:00:00,1.0,527,528
7454,22/04/2022 06:10:00,1.0,525,526
7455,22/04/2022 06:20:00,1.0,522,523
7456,22/04/2022 06:30:00,1.0,520,521
7457,22/04/2022 06:40:00,1.0,518,519
7458,22/04/2022 06:50:00,1.0,516,517
7459,22/04/2022 07:00:00,1.0,515,516
7460,22/04/2022 07:10:00,1.0,513,514
7461,22/04/2022 07:20:00,1.0,511,512
7462,22/04/2022 07:30:00,1.0,510,510
7463,22/04/2022 07:40:00,1.0,507,508
7464,22/04/2022 07:50:00,1.0,506,507
7465,22/04/2022 08:00:00,1.0,504,505
7466,22/04/2022 08:10:00,1.0,502,503
7467,22/04/2022 08:20:00,1.0,501,501
7468,22/04/2022 08:30:00,1.0,499,500
7469,22/04/2022 08:40:00,1.0,497,498
7470,22/04/2022 08:50:00,1.0,496,497
7471,22/04/2022 09:00:00,1.0,494,495
7472,22/04/2022 09:10:00,1.0,493,493
7473,22/04/2022 09:20:00,1.0,492,492
7474,22/04/2022 09:30:00,1.0,492,492
7475,22/04/2022 09:40:00,1.0,492,492
7476,22/04/2022 09:50:00,1.0,492,492
7477,22/04/2022 10:00:00,1.0,492,492
7478,22/04/2022 10:10:00,1.0,491,491
7479,22/04/2022 10:20:00,1.0,491,491
7480,22/04/2022 10:30:00,1.0,491,491
7481,22/04/2022 10:40:00,1.0,491,491
7482,22/04/2022 10:50:00,1.0,491,491
7483,22/04/2022 11:00:00,1.0,491,491
7484,22/04/2022 11:10:00,1.0,491,491
7485,22/04/2022 11:20:00,1.0,491,491
7486,22/04/2022 11:30:00,1.0,491,491
7487,22/04/2022 11:40:00,1.0,491,491
7488,22/04/2022 11:50:00,1.0,491,491
7489,22/04/2022 12:00:00,1.0,490,491
7490,22/04/2022 12:10:00,1.0,490,490
7491,22/04/2022 12:20:00,1.0,490,491
7492,22/04/2022 12:30:00,1.0,490,490
7493,22/04/2022 12:40:00,1.0,546,509
7494,22/04/2022 12:50:00,1.0,614,583
7495,22/04/2022 13:00:00,1.0,614,614
7496,22/04/2022 13:10:00,1.0,613,613
7497,22/04/2022 13:20:00,1.0,613,613
7498,22/04/2022 13:30:00,1.0,613,613
7499,22/04/2022 13:40:00,1.0,613,613
7500,22/04/2022 13:50:00,1.0,613,613
7501,22/04/2022 14:00:00,1.0,613,613
7502,22/04/2022 14:10:00,1.0,613,613
7503,22/04/2022 14:20:00,1.0,613,613
7504,22/04/2022 14:30:00,1.0,613,613
7505,22/04/2022 14:40:00,1.0,613,613
7506,22/04/2022 14:50:00,1.0,613,613
7507,22/04/2022 15:00:00,1.0,613,613
7508,22/04/2022 15:10:00,1.0,613,613
7509,22/04/2022 15:20:00,1.0,613,613
7510,22/04/2022 15:30:00,1.0,613,613
7511,22/04/2022 15:40:00,1.0,613,613
7512,22/04/2022 15:50:00,1.0,613,613
7513,22/04/2022 16:00:00,1.0,613,613
7514,22/04/2022 16:10:00,1.0,613,613
7515,22/04/2022 16:20:00,1.0,613,613
7516,22/04/2022 16:30:00,1.0,613,613
7517,22/04/2022 16:40:00,1.0,613,613
7518,22/04/2022 16:50:00,1.0,613,613
7519,22/04/2022 17:00:00,1.0,613,613
7520,22/04/2022 17:10:00,1.0,613,613
7521,22/04/2022 17:20:00,1.0,613,613
7522,22/04/2022 17:30:00,1.0,613,613
7523,22/04/2022 17:40:00,1.0,613,613
7524,22/04/2022 17:50:00,1.0,613,613
7525,22/04/2022 18:00:00,1.0,613,613
7526,22/04/2022 18:10:00,1.0,613,613
7527,22/04/2022 18:20:00,1.0,613,613
7528,22/04/2022 18:30:00,1.0,613,613
7529,22/04/2022 18:40:00,1.0,613,613
7530,22/04/2022 18:50:00,1.0,613,613
7531,22/04/2022 19:00:00,1.0,613,613
7532,22/04/2022 19:10:00,1.0,613,613
7533,22/04/2022 19:20:00,1.0,613,613
7534,22/04/2022 19:30:00,1.0,613,613
7535,22/04/2022 19:40:00,1.0,613,613
7536,22/04/2022 19:50:00,1.0,613,613
7537,22/04/2022 20:00:00,1.0,613,613
7538,22/04/2022 20:10:00,1.0,613,613
7539,22/04/2022 20:20:00,1.0,613,613
7540,22/04/2022 20:30:00,1.0,613,613
7541,22/04/2022 20:40:00,1.0,613,613
7542,22/04/2022 20:50:00,1.0,613,613
7543,22/04/2022 21:00:00,1.0,613,613
7544,22/04/2022 21:10:00,1.0,613,613
7545,22/04/2022 21:20:00,1.0,613,613
7546,22/04/2022 21:30:00,1.0,613,613
7547,22/04/2022 21:40:00,1.0,613,613
7548,22/04/2022 21:50:00,1.0,613,613
7549,22/04/2022 22:00:00,1.0,613,613
7550,22/04/2022 22:10:00,1.0,613,613
7551,22/04/2022 22:20:00,1.0,613,613
7552,22/04/2022 22:30:00,1.0,613,613
7553,22/04/2022 22:40:00,1.0,613,613
7554,22/04/2022 22:50:00,1.0,613,613
7555,22/04/2022 23:00:00,1.0,613,613
7556,22/04/2022 23:10:00,1.0,613,613
7557,22/04/2022 23:20:00,1.0,613,613
7558,22/04/2022 23:30:00,1.0,613,613
7559,22/04/2022 23:40:00,1.0,613,613
7560,22/04/2022 23:50:00,1.0,613,613
7561,23/04/2022 00:00:00,1.0,613,613
7562,23/04/2022 00:10:00,1.0,614,613
7563,23/04/2022 00:20:00,1.0,610,612
7564,23/04/2022 00:30:00,1.0,606,608
7565,23/04/2022 00:40:00,1.0,603,604
7566,23/04/2022 00:50:00,1.0,600,601
7567,23/04/2022 01:00:00,1.0,597,598
7568,23/04/2022 01:10:00,1.0,595,596
7569,23/04/2022 01:20:00,1.0,592,593
7570,23/04/2022 01:30:00,1.0,590,591
7571,23/04/2022 01:40:00,1.0,588,589
7572,23/04/2022 01:50:00,1.0,586,587
7573,23/04/2022 02:00:00,1.0,584,585
7574,23/04/2022 02:10:00,1.0,581,582
7575,23/04/2022 02:20:00,1.0,579,580
7576,23/04/2022 02:30:00,1.0,576,577
7577,23/04/2022 02:40:00,1.0,574,575
7578,23/04/2022 02:50:00,1.0,572,573
7579,23/04/2022 03:00:00,1.0,570,571
7580,23/04/2022 03:10:00,1.0,568,569
7581,23/04/2022 03:20:00,1.0,566,567
7582,23/04/2022 03:30:00,1.0,564,565
7583,23/04/2022 03:40:00,1.0,562,563
7584,23/04/2022 03:50:00,1.0,560,561
7585,23/04/2022 04:00:00,1.0,558,559
7586,23/04/2022 04:10:00,1.0,555,557
7587,23/04/2022 04:20:00,1.0,553,554
7588,23/04/2022 04:30:00,1.0,550,552
7589,23/04/2022 04:40:00,1.0,548,549
7590,23/04/2022 04:50:00,1.0,546,547
7591,23/04/2022 05:00:00,1.0,543,544
7592,23/04/2022 05:10:00,1.0,541,542
7593,23/04/2022 05:20:00,1.0,539,540
7594,23/04/2022 05:30:00,1.0,536,537
7595,23/04/2022 05:40:00,1.0,534,535
7596,23/04/2022 05:50:00,1.0,532,533
7597,23/04/2022 06:00:00,1.0,530,531
7598,23/04/2022 06:10:00,1.0,527,528
7599,23/04/2022 06:20:00,1.0,526,526
7600,23/04/2022 06:30:00,1.0,523,524
7601,23/04/2022 06:40:00,1.0,521,522
7602,23/04/2022 06:50:00,1.0,519,520
7603,23/04/2022 07:00:00,1.0,517,518
7604,23/04/2022 07:10:00,1.0,516,516
7605,23/04/2022 07:20:00,1.0,514,515
7606,23/04/2022 07:30:00,1.0,512,513
7607,23/04/2022 07:40:00,1.0,510,511
7608,23/04/2022 07:50:00,1.0,509,509
7609,23/04/2022 08:00:00,1.0,507,508
7610,23/04/2022 08:10:00,1.0,505,506
7611,23/04/2022 08:20:00,1.0,503,504
7612,23/04/2022 08:30:00,1.0,502,503
7613,23/04/2022 08:40:00,1.0,500,501
7614,23/04/2022 08:50:00,1.0,498,499
7615,23/04/2022 09:00:00,1.0,497,498
7616,23/04/2022 09:10:00,1.0,495,496
7617,23/04/2022 09:20:00,1.0,494,494
7618,23/04/2022 09:30:00,1.0,492,493
7619,23/04/2022 09:40:00,1.0,492,492
7620,23/04/2022 09:50:00,1.0,492,492
7621,23/04/2022 10:00:00,1.0,491,492
7622,23/04/2022 10:10:00,1.0,492,491
7623,23/04/2022 10:20:00,1.0,491,491
7624,23/04/2022 10:30:00,1.0,491,491
7625,23/04/2022 10:40:00,1.0,491,491
7626,23/04/2022 10:50:00,1.0,491,491
7627,23/04/2022 11:00:00,1.0,491,491
7628,23/04/2022 11:10:00,1.0,491,491
7629,23/04/2022 11:20:00,1.0,491,491
7630,23/04/2022 11:30:00,1.0,491,491
7631,23/04/2022 11:40:00,1.0,491,491
7632,23/04/2022 11:50:00,1.0,490,490
7633,23/04/2022 12:00:00,1.0,490,490
7634,23/04/2022 12:10:00,1.0,490,490
7635,23/04/2022 12:20:00,1.0,490,490
7636,23/04/2022 12:30:00,1.0,490,490
7637,23/04/2022 12:40:00,1.0,490,490
7638,23/04/2022 12:50:00,1.0,490,490
7639,23/04/2022 13:00:00,1.0,490,490
7640,23/04/2022 13:10:00,1.0,490,490
7641,23/04/2022 13:20:00,1.0,490,490
7642,23/04/2022 13:30:00,1.0,489,490
7643,23/04/2022 13:40:00,1.0,489,489
7644,23/04/2022 13:50:00,1.0,489,489
7645,23/04/2022 14:00:00,1.0,489,489
7646,23/04/2022 14:10:00,1.0,489,489
7647,23/04/2022 14:20:00,1.0,489,489
7648,23/04/2022 14:30:00,1.0,489,489
7649,23/04/2022 14:40:00,1.0,489,489
7650,23/04/2022 14:50:00,1.0,489,489
7651,23/04/2022 15:00:00,1.0,489,489
7652,23/04/2022 15:10:00,1.0,489,489
7653,23/04/2022 15:20:00,1.0,489,489
7654,23/04/2022 15:30:00,1.0,488,488
7655,23/04/2022 15:40:00,1.0,488,488
7656,23/04/2022 15:50:00,1.0,488,488
7657,23/04/2022 16:00:00,1.0,488,488
7658,23/04/2022 16:10:00,1.0,488,488
7659,23/04/2022 16:20:00,1.0,488,488
7660,23/04/2022 16:30:00,1.0,488,488
7661,23/04/2022 16:40:00,1.0,488,488
7662,23/04/2022 16:50:00,1.0,488,488
7663,23/04/2022 17:00:00,1.0,488,488
7664,23/04/2022 17:10:00,1.0,488,488
7665,23/04/2022 17:20:00,1.0,488,488
7666,23/04/2022 17:30:00,1.0,487,487
7667,23/04/2022 17:40:00,1.0,488,487
7668,23/04/2022 17:50:00,1.0,487,487
7669,23/04/2022 18:00:00,1.0,487,487
7670,23/04/2022 18:10:00,1.0,487,487
7671,23/04/2022 18:20:00,1.0,487,487
7672,23/04/2022 18:30:00,1.0,487,487
7673,23/04/2022 18:40:00,1.0,487,487
7674,23/04/2022 18:50:00,1.0,487,487
7675,23/04/2022 19:00:00,1.0,487,487
7676,23/04/2022 19:10:00,1.0,487,487
7677,23/04/2022 19:20:00,1.0,487,486
7678,23/04/2022 19:30:00,1.0,487,486
7679,23/04/2022 19:40:00,1.0,486,486
7680,23/04/2022 19:50:00,1.0,486,486
7681,23/04/2022 20:00:00,1.0,486,486
7682,23/04/2022 20:10:00,1.0,486,486
7683,23/04/2022 20:20:00,1.0,486,486
7684,23/04/2022 20:30:00,1.0,486,486
7685,23/04/2022 20:40:00,1.0,486,486
7686,23/04/2022 20:50:00,1.0,486,486
7687,23/04/2022 21:00:00,1.0,486,486
7688,23/04/2022 21:10:00,1.0,486,486
7689,23/04/2022 21:20:00,1.0,486,486
7690,23/04/2022 21:30:00,1.0,486,486
7691,23/04/2022 21:40:00,1.0,485,485
7692,23/04/2022 21:50:00,1.0,485,485
7693,23/04/2022 22:00:00,1.0,485,485
7694,23/04/2022 22:10:00,1.0,485,485
7695,23/04/2022 22:20:00,1.0,485,485
7696,23/04/2022 22:30:00,1.0,485,485
7697,23/04/2022 22:40:00,1.0,485,485
7698,23/04/2022 22:50:00,1.0,485,485
7699,23/04/2022 23:00:00,1.0,485,485
7700,23/04/2022 23:10:00,1.0,485,485
7701,23/04/2022 23:20:00,1.0,484,484
7702,23/04/2022 23:30:00,1.0,484,484
7703,23/04/2022 23:40:00,1.0,484,484
7704,23/04/2022 23:50:00,1.0,484,484
7705,24/04/2022 00:00:00,1.0,484,484
7706,24/04/2022 00:10:00,1.0,484,484
7707,24/04/2022 00:20:00,1.0,484,484
7708,24/04/2022 00:30:00,1.0,484,484
7709,24/04/2022 00:40:00,1.0,484,484
7710,24/04/2022 00:50:00,1.0,484,484
7711,24/04/2022 01:00:00,1.0,484,484
7712,24/04/2022 01:10:00,1.0,483,483
7713,24/04/2022 01:20:00,1.0,484,484
7714,24/04/2022 01:30:00,1.0,483,483
7715,24/04/2022 01:40:00,1.0,483,483
7716,24/04/2022 01:50:00,1.0,483,483
7717,24/04/2022 02:00:00,1.0,483,483
7718,24/04/2022 02:10:00,1.0,483,483
7719,24/04/2022 02:20:00,1.0,483,483
7720,24/04/2022 02:30:00,1.0,483,483
7721,24/04/2022 02:40:00,1.0,483,483
7722,24/04/2022 02:50:00,1.0,483,483
7723,24/04/2022 03:00:00,1.0,483,483
7724,24/04/2022 03:10:00,1.0,483,483
7725,24/04/2022 03:20:00,1.0,482,483
7726,24/04/2022 03:30:00,1.0,482,482
7727,24/04/2022 03:40:00,1.0,482,482
7728,24/04/2022 03:50:00,1.0,482,482
7729,24/04/2022 04:00:00,1.0,482,482
7730,24/04/2022 04:10:00,1.0,482,482
7731,24/04/2022 04:20:00,1.0,482,482
7732,24/04/2022 04:30:00,1.0,482,482
7733,24/04/2022 04:40:00,1.0,482,482
7734,24/04/2022 04:50:00,1.0,482,482
7735,24/04/2022 05:00:00,1.0,481,482
7736,24/04/2022 05:10:00,1.0,481,481
7737,24/04/2022 05:20:00,1.0,481,482
7738,24/04/2022 05:30:00,1.0,481,481
7739,24/04/2022 05:40:00,1.0,481,481
7740,24/04/2022 05:50:00,1.0,481,481
7741,24/04/2022 06:00:00,1.0,481,481
7742,24/04/2022 06:10:00,1.0,481,481
7743,24/04/2022 06:20:00,1.0,481,481
7744,24/04/2022 06:30:00,1.0,481,481
7745,24/04/2022 06:40:00,1.0,481,481
7746,24/04/2022 06:50:00,1.0,481,481
7747,24/04/2022 07:00:00,1.0,481,481
7748,24/04/2022 07:10:00,1.0,481,481
7749,24/04/2022 07:20:00,1.0,480,480
7750,24/04/2022 07:30:00,1.0,481,480
7751,24/04/2022 07:40:00,1.0,480,480
7752,24/04/2022 07:50:00,1.0,480,480
7753,24/04/2022 08:00:00,1.0,480,480
7754,24/04/2022 08:10:00,1.0,480,480
7755,24/04/2022 08:20:00,1.0,480,480
7756,24/04/2022 08:30:00,1.0,480,480
7757,24/04/2022 08:40:00,1.0,480,480
7758,24/04/2022 08:50:00,1.0,480,480
7759,24/04/2022 09:00:00,1.0,480,480
7760,24/04/2022 09:10:00,1.0,480,480
7761,24/04/2022 09:20:00,1.0,479,479
7762,24/04/2022 09:30:00,1.0,479,479
7763,24/04/2022 09:40:00,1.0,479,479
7764,24/04/2022 09:50:00,1.0,479,479
7765,24/04/2022 10:00:00,1.0,479,479
7766,24/04/2022 10:10:00,1.0,479,479
7767,24/04/2022 10:20:00,1.0,479,479
7768,24/04/2022 10:30:00,1.0,479,479
7769,24/04/2022 10:40:00,1.0,479,479
7770,24/04/2022 10:50:00,1.0,479,478
7771,24/04/2022 11:00:00,1.0,479,478
7772,24/04/2022 11:10:00,1.0,478,478
7773,24/04/2022 11:20:00,1.0,478,478
7774,24/04/2022 11:30:00,1.0,478,478
7775,24/04/2022 11:40:00,1.0,478,478
7776,24/04/2022 11:50:00,1.0,478,478
7777,24/04/2022 12:00:00,1.0,478,478
7778,24/04/2022 12:10:00,1.0,478,478
7779,24/04/2022 12:20:00,1.0,478,478
7780,24/04/2022 12:30:00,1.0,478,478
7781,24/04/2022 12:40:00,1.0,478,478
7782,24/04/2022 12:50:00,1.0,477,477
7783,24/04/2022 13:00:00,1.0,477,477
7784,24/04/2022 13:10:00,1.0,477,477
7785,24/04/2022 13:20:00,1.0,477,477
7786,24/04/2022 13:30:00,1.0,477,477
7787,24/04/2022 13:40:00,1.0,477,477
7788,24/04/2022 13:50:00,1.0,477,477
7789,24/04/2022 14:00:00,1.0,477,477
7790,24/04/2022 14:10:00,1.0,477,477
7791,24/04/2022 14:20:00,1.0,477,477
7792,24/04/2022 14:30:00,1.0,477,477
7793,24/04/2022 14:40:00,1.0,477,477
7794,24/04/2022 14:50:00,1.0,476,476
7795,24/04/2022 15:00:00,1.0,476,476
7796,24/04/2022 15:10:00,1.0,476,476
7797,24/04/2022 15:20:00,1.0,476,476
7798,24/04/2022 15:30:00,1.0,476,476
7799,24/04/2022 15:40:00,1.0,476,476
7800,24/04/2022 15:50:00,1.0,476,476
7801,24/04/2022 16:00:00,1.0,476,476
7802,24/04/2022 16:10:00,1.0,476,476
7803,24/04/2022 16:20:00,1.0,476,476
7804,24/04/2022 16:30:00,1.0,476,476
7805,24/04/2022 16:40:00,1.0,475,475
7806,24/04/2022 16:50:00,1.0,475,475
7807,24/04/2022 17:00:00,1.0,475,475
7808,24/04/2022 17:10:00,1.0,475,475
7809,24/04/2022 17:20:00,1.0,475,475
7810,24/04/2022 17:30:00,1.0,475,475
7811,24/04/2022 17:40:00,1.0,475,475
7812,24/04/2022 17:50:00,1.0,475,475
7813,24/04/2022 18:00:00,1.0,475,475
7814,24/04/2022 18:10:00,1.0,475,475
7815,24/04/2022 18:20:00,1.0,474,475
7816,24/04/2022 18:30:00,1.0,474,474
7817,24/04/2022 18:40:00,1.0,474,474
7818,24/04/2022 18:50:00,1.0,474,474
7819,24/04/2022 19:00:00,1.0,474,474
7820,24/04/2022 19:10:00,1.0,474,474
7821,24/04/2022 19:20:00,1.0,474,474
7822,24/04/2022 19:30:00,1.0,474,474
7823,24/04/2022 19:40:00,1.0,474,474
7824,24/04/2022 19:50:00,1.0,474,474
7825,24/04/2022 20:00:00,1.0,474,474
7826,24/04/2022 20:10:00,1.0,473,474
7827,24/04/2022 20:20:00,1.0,474,473
7828,24/04/2022 20:30:00,1.0,473,474
7829,24/04/2022 20:40:00,1.0,473,473
7830,24/04/2022 20:50:00,1.0,473,473
7831,24/04/2022 21:00:00,1.0,473,473
7832,24/04/2022 21:10:00,1.0,473,473
7833,24/04/2022 21:20:00,1.0,473,473
7834,24/04/2022 21:30:00,1.0,473,473
7835,24/04/2022 21:40:00,1.0,473,473
7836,24/04/2022 21:50:00,1.0,473,473
7837,24/04/2022 22:00:00,1.0,473,473
7838,24/04/2022 22:10:00,1.0,473,473
7839,24/04/2022 22:20:00,1.0,472,473
7840,24/04/2022 22:30:00,1.0,472,472
7841,24/04/2022 22:40:00,1.0,472,472
7842,24/04/2022 22:50:00,1.0,472,472
7843,24/04/2022 23:00:00,1.0,472,472
7844,24/04/2022 23:10:00,1.0,472,472
7845,24/04/2022 23:20:00,1.0,472,472
7846,24/04/2022 23:30:00,1.0,472,472
7847,24/04/2022 23:40:00,1.0,472,472
7848,24/04/2022 23:50:00,1.0,472,472
7849,25/04/2022 00:00:00,1.0,472,472
7850,25/04/2022 00:10:00,1.0,472,472
7851,25/04/2022 00:20:00,1.0,471,471
7852,25/04/2022 00:30:00,1.0,472,471
7853,25/04/2022 00:40:00,1.0,471,471
7854,25/04/2022 00:50:00,1.0,471,471
7855,25/04/2022 01:00:00,1.0,471,471
7856,25/04/2022 01:10:00,1.0,471,471
7857,25/04/2022 01:20:00,1.0,471,471
7858,25/04/2022 01:30:00,1.0,471,471
7859,25/04/2022 01:40:00,1.0,471,471
7860,25/04/2022 01:50:00,1.0,471,471
7861,25/04/2022 02:00:00,1.0,471,471
7862,25/04/2022 02:10:00,1.0,471,471
7863,25/04/2022 02:20:00,1.0,470,470
7864,25/04/2022 02:30:00,1.0,470,470
7865,25/04/2022 02:40:00,1.0,470,470
7866,25/04/2022 02:50:00,1.0,470,470
7867,25/04/2022 03:00:00,1.0,470,470
7868,25/04/2022 03:10:00,1.0,470,470
7869,25/04/2022 03:20:00,1.0,470,470
7870,25/04/2022 03:30:00,1.0,470,470
7871,25/04/2022 03:40:00,1.0,470,470
7872,25/04/2022 03:50:00,1.0,470,470
7873,25/04/2022 04:00:00,1.0,470,470
7874,25/04/2022 04:10:00,1.0,469,469
7875,25/04/2022 04:20:00,1.0,469,469
7876,25/04/2022 04:30:00,1.0,469,469
7877,25/04/2022 04:40:00,1.0,469,469
7878,25/04/2022 04:50:00,1.0,469,469
7879,25/04/2022 05:00:00,1.0,469,469
7880,25/04/2022 05:10:00,1.0,469,469
7881,25/04/2022 05:20:00,1.0,469,469
7882,25/04/2022 05:30:00,1.0,469,469
7883,25/04/2022 05:40:00,1.0,469,469
7884,25/04/2022 05:50:00,1.0,468,468
7885,25/04/2022 06:00:00,1.0,468,468
7886,25/04/2022 06:10:00,1.0,468,468
7887,25/04/2022 06:20:00,1.0,468,468
7888,25/04/2022 06:30:00,1.0,468,468
7889,25/04/2022 06:40:00,1.0,468,468
7890,25/04/2022 06:50:00,1.0,468,468
7891,25/04/2022 07:00:00,1.0,468,468
7892,25/04/2022 07:10:00,1.0,468,468
7893,25/04/2022 07:20:00,1.0,468,468
7894,25/04/2022 07:30:00,1.0,468,467
7895,25/04/2022 07:40:00,1.0,468,468
7896,25/04/2022 07:50:00,1.0,467,467
7897,25/04/2022 08:00:00,1.0,467,467
7898,25/04/2022 08:10:00,1.0,467,467
7899,25/04/2022 08:20:00,1.0,467,467
7900,25/04/2022 08:30:00,1.0,467,467
7901,25/04/2022 08:40:00,1.0,467,467
7902,25/04/2022 08:50:00,1.0,467,467
7903,25/04/2022 09:00:00,1.0,467,467
7904,25/04/2022 09:10:00,1.0,467,467
7905,25/04/2022 09:20:00,1.0,466,467
7906,25/04/2022 09:30:00,1.0,466,466
7907,25/04/2022 09:40:00,1.0,466,466
7908,25/04/2022 09:50:00,1.0,466,466
7909,25/04/2022 10:00:00,1.0,466,466
7910,25/04/2022 10:10:00,1.0,466,466
7911,25/04/2022 10:20:00,1.0,466,466
7912,25/04/2022 10:30:00,1.0,466,466
7913,25/04/2022 10:40:00,1.0,466,466
7914,25/04/2022 10:50:00,1.0,466,466
7915,25/04/2022 11:00:00,1.0,466,466
7916,25/04/2022 11:10:00,1.0,465,466
7917,25/04/2022 11:20:00,1.0,465,466
7918,25/04/2022 11:30:00,1.0,465,465
7919,25/04/2022 11:40:00,1.0,465,465
7920,25/04/2022 11:50:00,1.0,465,465
7921,25/04/2022 12:00:00,1.0,465,465
7922,25/04/2022 12:10:00,1.0,465,465
7923,25/04/2022 12:20:00,1.0,465,465
7924,25/04/2022 12:30:00,1.0,465,465
7925,25/04/2022 12:40:00,1.0,465,465
7926,25/04/2022 12:50:00,1.0,465,465
7927,25/04/2022 13:00:00,1.0,465,465
7928,25/04/2022 13:10:00,1.0,465,465
7929,25/04/2022 13:20:00,1.0,464,465
7930,25/04/2022 13:30:00,1.0,464,464
7931,25/04/2022 13:40:00,1.0,464,464
7932,25/04/2022 13:50:00,1.0,464,464
7933,25/04/2022 14:00:00,1.0,464,464
7934,25/04/2022 14:10:00,1.0,464,464
7935,25/04/2022 14:20:00,1.0,464,464
7936,25/04/2022 14:30:00,1.0,464,464
7937,25/04/2022 14:40:00,1.0,464,464
7938,25/04/2022 14:50:00,1.0,464,464
7939,25/04/2022 15:00:00,1.0,464,464
7940,25/04/2022 15:10:00,1.0,464,464
7941,25/04/2022 15:20:00,1.0,463,463
7942,25/04/2022 15:30:00,1.0,463,463
7943,25/04/2022 15:40:00,1.0,463,463
7944,25/04/2022 15:50:00,1.0,463,463
7945,25/04/2022 16:00:00,1.0,463,463
7946,25/04/2022 16:10:00,1.0,463,463
7947,25/04/2022 16:20:00,1.0,463,463
7948,25/04/2022 16:30:00,1.0,463,463
7949,25/04/2022 16:40:00,1.0,463,463
7950,25/04/2022 16:50:00,1.0,463,463
7951,25/04/2022 17:00:00,1.0,463,463
7952,25/04/2022 17:10:00,1.0,463,463
7953,25/04/2022 17:20:00,1.0,463,463
7954,25/04/2022 17:30:00,1.0,471,466
7955,25/04/2022 17:40:00,1.0,486,478
7956,25/04/2022 17:50:00,1.0,503,494
7957,25/04/2022 18:00:00,1.0,518,511
7958,25/04/2022 18:10:00,1.0,533,526
7959,25/04/2022 18:20:00,1.0,547,541
7960,25/04/2022 18:30:00,1.0,559,554
7961,25/04/2022 18:40:00,1.0,568,564
7962,25/04/2022 18:50:00,1.0,576,572
7963,25/04/2022 19:00:00,1.0,584,580
7964,25/04/2022 19:10:00,1.0,591,587
7965,25/04/2022 19:20:00,1.0,597,594
7966,25/04/2022 19:30:00,1.0,603,600
7967,25/04/2022 19:40:00,1.0,608,605
7968,25/04/2022 19:50:00,1.0,612,610
7969,25/04/2022 20:00:00,1.0,613,613
7970,25/04/2022 20:10:00,1.0,613,613
7971,25/04/2022 20:20:00,1.0,613,613
7972,25/04/2022 20:30:00,1.0,613,613
7973,25/04/2022 20:40:00,1.0,613,613
7974,25/04/2022 20:50:00,1.0,613,613
7975,25/04/2022 21:00:00,1.0,613,613
7976,25/04/2022 21:10:00,1.0,613,613
7977,25/04/2022 21:20:00,1.0,613,613
7978,25/04/2022 21:30:00,1.0,613,613
7979,25/04/2022 21:40:00,1.0,613,613
7980,25/04/2022 21:50:00,1.0,613,613
7981,25/04/2022 22:00:00,1.0,613,613
7982,25/04/2022 22:10:00,1.0,613,613
7983,25/04/2022 22:20:00,1.0,613,613
7984,25/04/2022 22:30:00,1.0,613,613
7985,25/04/2022 22:40:00,1.0,611,612
7986,25/04/2022 22:50:00,1.0,609,609
7987,25/04/2022 23:00:00,1.0,606,608
7988,25/04/2022 23:10:00,1.0,604,605
7989,25/04/2022 23:20:00,1.0,602,603
7990,25/04/2022 23:30:00,1.0,600,601
7991,25/04/2022 23:40:00,1.0,599,600
7992,25/04/2022 23:50:00,1.0,597,598
7993,26/04/2022 00:00:00,1.0,595,596
7994,26/04/2022 00:10:00,1.0,594,595
7995,26/04/2022 00:20:00,1.0,592,593
7996,26/04/2022 00:30:00,1.0,591,592
7997,26/04/2022 00:40:00,1.0,590,591
7998,26/04/2022 00:50:00,1.0,589,589
7999,26/04/2022 01:00:00,1.0,588,588
8000,26/04/2022 01:10:00,1.0,587,587
8001,26/04/2022 01:20:00,1.0,585,586
8002,26/04/2022 01:30:00,1.0,584,584
8003,26/04/2022 01:40:00,1.0,582,583
8004,26/04/2022 01:50:00,1.0,581,582
8005,26/04/2022 02:00:00,1.0,579,580
8006,26/04/2022 02:10:00,1.0,578,579
8007,26/04/2022 02:20:00,1.0,577,577
8008,26/04/2022 02:30:00,1.0,575,576
8009,26/04/2022 02:40:00,1.0,574,575
8010,26/04/2022 02:50:00,1.0,572,573
8011,26/04/2022 03:00:00,1.0,571,572
8012,26/04/2022 03:10:00,1.0,570,571
8013,26/04/2022 03:20:00,1.0,569,569
8014,26/04/2022 03:30:00,1.0,567,568
8015,26/04/2022 03:40:00,1.0,566,567
8016,26/04/2022 03:50:00,1.0,565,566
8017,26/04/2022 04:00:00,1.0,564,565
8018,26/04/2022 04:10:00,1.0,563,564
8019,26/04/2022 04:20:00,1.0,562,562
8020,26/04/2022 04:30:00,1.0,560,561
8021,26/04/2022 04:40:00,1.0,559,560
8022,26/04/2022 04:50:00,1.0,558,559
8023,26/04/2022 05:00:00,1.0,557,557
8024,26/04/2022 05:10:00,1.0,555,556
8025,26/04/2022 05:20:00,1.0,554,554
8026,26/04/2022 05:30:00,1.0,552,553
8027,26/04/2022 05:40:00,1.0,550,551
8028,26/04/2022 05:50:00,1.0,549,550
8029,26/04/2022 06:00:00,1.0,548,548
8030,26/04/2022 06:10:00,1.0,546,547
8031,26/04/2022 06:20:00,1.0,545,545
8032,26/04/2022 06:30:00,1.0,543,544
8033,26/04/2022 06:40:00,1.0,542,542
8034,26/04/2022 06:50:00,1.0,540,541
8035,26/04/2022 07:00:00,1.0,539,540
8036,26/04/2022 07:10:00,1.0,537,538
8037,26/04/2022 07:20:00,1.0,536,537
8038,26/04/2022 07:30:00,1.0,535,535
8039,26/04/2022 07:40:00,1.0,533,534
8040,26/04/2022 07:50:00,1.0,532,533
8041,26/04/2022 08:00:00,1.0,531,531
8042,26/04/2022 08:10:00,1.0,529,530
8043,26/04/2022 08:20:00,1.0,528,528
8044,26/04/2022 08:30:00,1.0,526,527
8045,26/04/2022 08:40:00,1.0,525,526
8046,26/04/2022 08:50:00,1.0,524,524
8047,26/04/2022 09:00:00,1.0,523,523
8048,26/04/2022 09:10:00,1.0,521,522
8049,26/04/2022 09:20:00,1.0,520,520
8050,26/04/2022 09:30:00,1.0,519,519
8051,26/04/2022 09:40:00,1.0,517,518
8052,26/04/2022 09:50:00,1.0,516,517
8053,26/04/2022 10:00:00,1.0,515,516
8054,26/04/2022 10:10:00,1.0,514,515
8055,26/04/2022 10:20:00,1.0,513,514
8056,26/04/2022 10:30:00,1.0,512,513
8057,26/04/2022 10:40:00,1.0,511,512
8058,26/04/2022 10:50:00,1.0,510,511
8059,26/04/2022 11:00:00,1.0,509,510
8060,26/04/2022 11:10:00,1.0,508,509
8061,26/04/2022 11:20:00,1.0,507,508
8062,26/04/2022 11:30:00,1.0,506,506
8063,26/04/2022 11:40:00,1.0,505,505
8064,26/04/2022 11:50:00,1.0,504,504
8065,26/04/2022 12:00:00,1.0,503,503
8066,26/04/2022 12:10:00,1.0,502,502
8067,26/04/2022 12:20:00,1.0,501,501
8068,26/04/2022 12:30:00,1.0,500,500
8069,26/04/2022 12:40:00,1.0,499,499
8070,26/04/2022 12:50:00,1.0,498,498
8071,26/04/2022 13:00:00,1.0,497,497
8072,26/04/2022 13:10:00,1.0,496,497
8073,26/04/2022 13:20:00,1.0,495,496
8074,26/04/2022 13:30:00,1.0,495,495
8075,26/04/2022 13:40:00,1.0,494,495
8076,26/04/2022 13:50:00,1.0,494,494
8077,26/04/2022 14:00:00,1.0,493,493
8078,26/04/2022 14:10:00,1.0,493,493
8079,26/04/2022 14:20:00,1.0,492,492
8080,26/04/2022 14:30:00,1.0,492,492
8081,26/04/2022 14:40:00,1.0,492,492
8082,26/04/2022 14:50:00,1.0,494,492
8083,26/04/2022 15:00:00,1.0,503,498
8084,26/04/2022 15:10:00,1.0,518,510
8085,26/04/2022 15:20:00,1.0,536,527
8086,26/04/2022 15:30:00,1.0,557,546
8087,26/04/2022 15:40:00,1.0,573,565
8088,26/04/2022 15:50:00,1.0,594,583
8089,26/04/2022 16:00:00,1.0,613,608
8090,26/04/2022 16:10:00,1.0,613,613
8091,26/04/2022 16:20:00,1.0,613,613
8092,26/04/2022 16:30:00,1.0,613,613
8093,26/04/2022 16:40:00,1.0,613,613
8094,26/04/2022 16:50:00,1.0,613,613
8095,26/04/2022 17:00:00,1.0,613,613
8096,26/04/2022 17:10:00,1.0,613,613
8097,26/04/2022 17:20:00,1.0,613,613
8098,26/04/2022 17:30:00,1.0,613,613
8099,26/04/2022 17:40:00,1.0,613,613
8100,26/04/2022 17:50:00,1.0,613,613
8101,26/04/2022 18:00:00,1.0,613,613
8102,26/04/2022 18:10:00,1.0,613,613
8103,26/04/2022 18:20:00,1.0,613,613
8104,26/04/2022 18:30:00,1.0,613,613
8105,26/04/2022 18:40:00,1.0,613,613
8106,26/04/2022 18:50:00,1.0,613,613
8107,26/04/2022 19:00:00,1.0,613,613
8108,26/04/2022 19:10:00,1.0,613,613
8109,26/04/2022 19:20:00,1.0,613,613
8110,26/04/2022 19:30:00,1.0,613,613
8111,26/04/2022 19:40:00,1.0,613,613
8112,26/04/2022 19:50:00,1.0,613,613
8113,26/04/2022 20:00:00,1.0,613,613
8114,26/04/2022 20:10:00,1.0,613,613
8115,26/04/2022 20:20:00,1.0,613,613
8116,26/04/2022 20:30:00,1.0,613,613
8117,26/04/2022 20:40:00,1.0,613,613
8118,26/04/2022 20:50:00,1.0,613,613
8119,26/04/2022 21:00:00,1.0,613,613
8120,26/04/2022 21:10:00,1.0,613,613
8121,26/04/2022 21:20:00,1.0,613,613
8122,26/04/2022 21:30:00,1.0,613,613
8123,26/04/2022 21:40:00,1.0,613,613
8124,26/04/2022 21:50:00,1.0,613,613
8125,26/04/2022 22:00:00,1.0,613,613
8126,26/04/2022 22:10:00,1.0,613,613
8127,26/04/2022 22:20:00,1.0,613,613
8128,26/04/2022 22:30:00,1.0,613,613
8129,26/04/2022 22:40:00,1.0,613,613
8130,26/04/2022 22:50:00,1.0,613,613
8131,26/04/2022 23:00:00,1.0,613,613
8132,26/04/2022 23:10:00,1.0,613,613
8133,26/04/2022 23:20:00,1.0,613,613
8134,26/04/2022 23:30:00,1.0,613,613
8135,26/04/2022 23:40:00,1.0,613,613
8136,26/04/2022 23:50:00,1.0,613,613
8137,27/04/2022 00:00:00,1.0,613,613
8138,27/04/2022 00:10:00,1.0,613,613
8139,27/04/2022 00:20:00,1.0,613,613
8140,27/04/2022 00:30:00,1.0,613,613
8141,27/04/2022 00:40:00,1.0,611,613
8142,27/04/2022 00:50:00,1.0,609,610
8143,27/04/2022 01:00:00,1.0,605,607
8144,27/04/2022 01:10:00,1.0,602,604
8145,27/04/2022 01:20:00,1.0,600,601
8146,27/04/2022 01:30:00,1.0,597,598
8147,27/04/2022 01:40:00,1.0,595,596
8148,27/04/2022 01:50:00,1.0,593,594
8149,27/04/2022 02:00:00,1.0,591,592
8150,27/04/2022 02:10:00,1.0,590,590
8151,27/04/2022 02:20:00,1.0,588,589
8152,27/04/2022 02:30:00,1.0,587,587
8153,27/04/2022 02:40:00,1.0,585,586
8154,27/04/2022 02:50:00,1.0,583,584
8155,27/04/2022 03:00:00,1.0,581,582
8156,27/04/2022 03:10:00,1.0,579,580
8157,27/04/2022 03:20:00,1.0,577,578
8158,27/04/2022 03:30:00,1.0,575,576
8159,27/04/2022 03:40:00,1.0,573,574
8160,27/04/2022 03:50:00,1.0,572,572
8161,27/04/2022 04:00:00,1.0,570,571
8162,27/04/2022 04:10:00,1.0,568,569
8163,27/04/2022 04:20:00,1.0,567,568
8164,27/04/2022 04:30:00,1.0,565,566
8165,27/04/2022 04:40:00,1.0,564,565
8166,27/04/2022 04:50:00,1.0,562,563
8167,27/04/2022 05:00:00,1.0,561,561
8168,27/04/2022 05:10:00,1.0,559,560
8169,27/04/2022 05:20:00,1.0,557,558
8170,27/04/2022 05:30:00,1.0,556,557
8171,27/04/2022 05:40:00,1.0,554,555
8172,27/04/2022 05:50:00,1.0,552,553
8173,27/04/2022 06:00:00,1.0,550,551
8174,27/04/2022 06:10:00,1.0,548,549
8175,27/04/2022 06:20:00,1.0,546,547
8176,27/04/2022 06:30:00,1.0,544,545
8177,27/04/2022 06:40:00,1.0,542,543
8178,27/04/2022 06:50:00,1.0,540,541
8179,27/04/2022 07:00:00,1.0,539,539
8180,27/04/2022 07:10:00,1.0,537,538
8181,27/04/2022 07:20:00,1.0,535,536
8182,27/04/2022 07:30:00,1.0,533,534
8183,27/04/2022 07:40:00,1.0,531,532
8184,27/04/2022 07:50:00,1.0,530,531
8185,27/04/2022 08:00:00,1.0,528,529
8186,27/04/2022 08:10:00,1.0,526,527
8187,27/04/2022 08:20:00,1.0,525,525
8188,27/04/2022 08:30:00,1.0,523,524
8189,27/04/2022 08:40:00,1.0,521,522
8190,27/04/2022 08:50:00,1.0,520,521
8191,27/04/2022 09:00:00,1.0,518,519
8192,27/04/2022 09:10:00,1.0,517,517
8193,27/04/2022 09:20:00,1.0,515,516
8194,27/04/2022 09:30:00,1.0,514,515
8195,27/04/2022 09:40:00,1.0,513,513
8196,27/04/2022 09:50:00,1.0,511,512
8197,27/04/2022 10:00:00,1.0,510,510
8198,27/04/2022 10:10:00,1.0,508,509
8199,27/04/2022 10:20:00,1.0,507,507
8200,27/04/2022 10:30:00,1.0,505,506
8201,27/04/2022 10:40:00,1.0,504,505
8202,27/04/2022 10:50:00,1.0,503,503
8203,27/04/2022 11:00:00,1.0,501,502
8204,27/04/2022 11:10:00,1.0,500,501
8205,27/04/2022 11:20:00,1.0,499,499
8206,27/04/2022 11:30:00,1.0,498,498
8207,27/04/2022 11:40:00,1.0,496,497
8208,27/04/2022 11:50:00,1.0,495,496
8209,27/04/2022 12:00:00,1.0,494,494
8210,27/04/2022 12:10:00,1.0,492,493
8211,27/04/2022 12:20:00,1.0,492,492
8212,27/04/2022 12:30:00,1.0,492,492
8213,27/04/2022 12:40:00,1.0,491,492
8214,27/04/2022 12:50:00,1.0,492,492
8215,27/04/2022 13:00:00,1.0,491,491
8216,27/04/2022 13:10:00,1.0,491,491
8217,27/04/2022 13:20:00,1.0,491,491
8218,27/04/2022 13:30:00,1.0,491,491
8219,27/04/2022 13:40:00,1.0,491,491
8220,27/04/2022 13:50:00,1.0,491,491
8221,27/04/2022 14:00:00,1.0,491,491
8222,27/04/2022 14:10:00,1.0,491,491
8223,27/04/2022 14:20:00,1.0,491,491
8224,27/04/2022 14:30:00,1.0,491,491
8225,27/04/2022 14:40:00,1.0,490,491
8226,27/04/2022 14:50:00,1.0,490,490
8227,27/04/2022 15:00:00,1.0,490,490
8228,27/04/2022 15:10:00,1.0,490,490
8229,27/04/2022 15:20:00,1.0,492,491
8230,27/04/2022 15:30:00,1.0,501,496
8231,27/04/2022 15:40:00,1.0,519,508
8232,27/04/2022 15:50:00,1.0,568,542
8233,27/04/2022 16:00:00,1.0,613,596
8234,27/04/2022 16:10:00,1.0,613,613
8235,27/04/2022 16:20:00,1.0,613,613
8236,27/04/2022 16:30:00,1.0,613,613
8237,27/04/2022 16:40:00,1.0,613,613
8238,27/04/2022 16:50:00,1.0,613,613
8239,27/04/2022 17:00:00,1.0,613,613
8240,27/04/2022 17:10:00,1.0,613,613
8241,27/04/2022 17:20:00,1.0,613,613
8242,27/04/2022 17:30:00,1.0,613,613
8243,27/04/2022 17:40:00,1.0,613,613
8244,27/04/2022 17:50:00,1.0,613,613
8245,27/04/2022 18:00:00,1.0,613,613
8246,27/04/2022 18:10:00,1.0,613,613
8247,27/04/2022 18:20:00,1.0,613,613
8248,27/04/2022 18:30:00,1.0,613,613
8249,27/04/2022 18:40:00,1.0,613,613
8250,27/04/2022 18:50:00,1.0,613,613
8251,27/04/2022 19:00:00,1.0,613,613
8252,27/04/2022 19:10:00,1.0,613,613
8253,27/04/2022 19:20:00,1.0,613,613
8254,27/04/2022 19:30:00,1.0,613,613
8255,27/04/2022 19:40:00,1.0,613,613
8256,27/04/2022 19:50:00,1.0,613,613
8257,27/04/2022 20:00:00,1.0,613,613
8258,27/04/2022 20:10:00,1.0,613,613
8259,27/04/2022 20:20:00,1.0,613,613
8260,27/04/2022 20:30:00,1.0,613,613
8261,27/04/2022 20:40:00,1.0,613,613
8262,27/04/2022 20:50:00,1.0,613,613
8263,27/04/2022 21:00:00,1.0,613,613
8264,27/04/2022 21:10:00,1.0,613,613
8265,27/04/2022 21:20:00,1.0,613,613
8266,27/04/2022 21:30:00,1.0,613,613
8267,27/04/2022 21:40:00,1.0,613,613
8268,27/04/2022 21:50:00,1.0,613,613
8269,27/04/2022 22:00:00,1.0,613,613
8270,27/04/2022 22:10:00,1.0,613,613
8271,27/04/2022 22:20:00,1.0,613,613
8272,27/04/2022 22:30:00,1.0,613,613
8273,27/04/2022 22:40:00,1.0,613,613
8274,27/04/2022 22:50:00,1.0,613,613
8275,27/04/2022 23:00:00,1.0,613,613
8276,27/04/2022 23:10:00,1.0,613,613
8277,27/04/2022 23:20:00,1.0,613,613
8278,27/04/2022 23:30:00,1.0,613,613
8279,27/04/2022 23:40:00,1.0,613,613
8280,27/04/2022 23:50:00,1.0,613,613
8281,28/04/2022 00:00:00,1.0,613,613
8282,28/04/2022 00:10:00,1.0,613,613
8283,28/04/2022 00:20:00,1.0,613,613
8284,28/04/2022 00:30:00,1.0,613,613
8285,28/04/2022 00:40:00,1.0,613,613
8286,28/04/2022 00:50:00,1.0,613,613
8287,28/04/2022 01:00:00,1.0,611,612
8288,28/04/2022 01:10:00,1.0,607,609
8289,28/04/2022 01:20:00,1.0,603,605
8290,28/04/2022 01:30:00,1.0,599,601
8291,28/04/2022 01:40:00,1.0,596,598
8292,28/04/2022 01:50:00,1.0,593,595
8293,28/04/2022 02:00:00,1.0,591,592
8294,28/04/2022 02:10:00,1.0,588,590
8295,28/04/2022 02:20:00,1.0,587,588
8296,28/04/2022 02:30:00,1.0,585,586
8297,28/04/2022 02:40:00,1.0,582,583
8298,28/04/2022 02:50:00,1.0,580,581
8299,28/04/2022 03:00:00,1.0,577,578
8300,28/04/2022 03:10:00,1.0,575,576
8301,28/04/2022 03:20:00,1.0,572,574
8302,28/04/2022 03:30:00,1.0,570,571
8303,28/04/2022 03:40:00,1.0,568,569
8304,28/04/2022 03:50:00,1.0,566,567
8305,28/04/2022 04:00:00,1.0,564,565
8306,28/04/2022 04:10:00,1.0,562,563
8307,28/04/2022 04:20:00,1.0,560,561
8308,28/04/2022 04:30:00,1.0,558,559
8309,28/04/2022 04:40:00,1.0,556,557
8310,28/04/2022 04:50:00,1.0,554,555
8311,28/04/2022 05:00:00,1.0,551,552
8312,28/04/2022 05:10:00,1.0,549,550
8313,28/04/2022 05:20:00,1.0,546,547
8314,28/04/2022 05:30:00,1.0,544,545
8315,28/04/2022 05:40:00,1.0,543,543
8316,28/04/2022 05:50:00,1.0,541,542
8317,28/04/2022 06:00:00,1.0,540,540
8318,28/04/2022 06:10:00,1.0,538,539
8319,28/04/2022 06:20:00,1.0,537,537
8320,28/04/2022 06:30:00,1.0,535,536
8321,28/04/2022 06:40:00,1.0,534,535
8322,28/04/2022 06:50:00,1.0,532,533
8323,28/04/2022 07:00:00,1.0,531,532
8324,28/04/2022 07:10:00,1.0,530,530
8325,28/04/2022 07:20:00,1.0,528,529
8326,28/04/2022 07:30:00,1.0,527,527
8327,28/04/2022 07:40:00,1.0,525,526
8328,28/04/2022 07:50:00,1.0,524,525
8329,28/04/2022 08:00:00,1.0,523,523
8330,28/04/2022 08:10:00,1.0,521,522
8331,28/04/2022 08:20:00,1.0,520,521
8332,28/04/2022 08:30:00,1.0,519,519
8333,28/04/2022 08:40:00,1.0,518,518
8334,28/04/2022 08:50:00,1.0,516,517
8335,28/04/2022 09:00:00,1.0,515,516
8336,28/04/2022 09:10:00,1.0,514,515
8337,28/04/2022 09:20:00,1.0,513,514
8338,28/04/2022 09:30:00,1.0,512,512
8339,28/04/2022 09:40:00,1.0,511,511
8340,28/04/2022 09:50:00,1.0,510,510
8341,28/04/2022 10:00:00,1.0,508,509
8342,28/04/2022 10:10:00,1.0,507,508
8343,28/04/2022 10:20:00,1.0,506,507
8344,28/04/2022 10:30:00,1.0,505,505
8345,28/04/2022 10:40:00,1.0,504,504
8346,28/04/2022 10:50:00,1.0,503,503
8347,28/04/2022 11:00:00,1.0,502,502
8348,28/04/2022 11:10:00,1.0,501,501
8349,28/04/2022 11:20:00,1.0,500,500
8350,28/04/2022 11:30:00,1.0,499,499
8351,28/04/2022 11:40:00,1.0,497,498
8352,28/04/2022 11:50:00,1.0,497,497
8353,28/04/2022 12:00:00,1.0,495,496
8354,28/04/2022 12:10:00,1.0,494,495
8355,28/04/2022 12:20:00,1.0,493,494
8356,28/04/2022 12:30:00,1.0,492,493
8357,28/04/2022 12:40:00,1.0,492,492
8358,28/04/2022 12:50:00,1.0,492,492
8359,28/04/2022 13:00:00,1.0,497,492
8360,28/04/2022 13:10:00,1.0,540,516
8361,28/04/2022 13:20:00,1.0,584,563
8362,28/04/2022 13:30:00,1.0,613,605
8363,28/04/2022 13:40:00,1.0,613,613
8364,28/04/2022 13:50:00,1.0,613,613
8365,28/04/2022 14:00:00,1.0,613,613
8366,28/04/2022 14:10:00,1.0,613,613
8367,28/04/2022 14:20:00,1.0,613,613
8368,28/04/2022 14:30:00,1.0,613,613
8369,28/04/2022 14:40:00,1.0,613,613
8370,28/04/2022 14:50:00,1.0,613,613
8371,28/04/2022 15:00:00,1.0,613,613
8372,28/04/2022 15:10:00,1.0,613,613
8373,28/04/2022 15:20:00,1.0,613,613
8374,28/04/2022 15:30:00,1.0,613,613
8375,28/04/2022 15:40:00,1.0,613,613
8376,28/04/2022 15:50:00,1.0,613,613
8377,28/04/2022 16:00:00,1.0,613,613
8378,28/04/2022 16:10:00,1.0,613,613
8379,28/04/2022 16:20:00,1.0,613,613
8380,28/04/2022 16:30:00,1.0,613,613
8381,28/04/2022 16:40:00,1.0,613,613
8382,28/04/2022 16:50:00,1.0,613,613
8383,28/04/2022 17:00:00,1.0,613,613
8384,28/04/2022 17:10:00,1.0,613,613
8385,28/04/2022 17:20:00,1.0,613,613
8386,28/04/2022 17:30:00,1.0,613,613
8387,28/04/2022 17:40:00,1.0,613,613
8388,28/04/2022 17:50:00,1.0,613,613
8389,28/04/2022 18:00:00,1.0,613,613
8390,28/04/2022 18:10:00,1.0,613,613
8391,28/04/2022 18:20:00,1.0,613,613
8392,28/04/2022 18:30:00,1.0,613,613
8393,28/04/2022 18:40:00,1.0,613,613
8394,28/04/2022 18:50:00,1.0,613,613
8395,28/04/2022 19:00:00,1.0,613,613
8396,28/04/2022 19:10:00,1.0,613,613
8397,28/04/2022 19:20:00,1.0,613,613
8398,28/04/2022 19:30:00,1.0,613,613
8399,28/04/2022 19:40:00,1.0,613,613
8400,28/04/2022 19:50:00,1.0,613,613
8401,28/04/2022 20:00:00,1.0,613,613
8402,28/04/2022 20:10:00,1.0,613,613
8403,28/04/2022 20:20:00,1.0,613,613
8404,28/04/2022 20:30:00,1.0,613,613
8405,28/04/2022 20:40:00,1.0,613,613
8406,28/04/2022 20:50:00,1.0,613,613
8407,28/04/2022 21:00:00,1.0,613,613
8408,28/04/2022 21:10:00,1.0,613,613
8409,28/04/2022 21:20:00,1.0,613,613
8410,28/04/2022 21:30:00,1.0,613,613
8411,28/04/2022 21:40:00,1.0,613,613
8412,28/04/2022 21:50:00,1.0,613,613
8413,28/04/2022 22:00:00,1.0,613,613
8414,28/04/2022 22:10:00,1.0,613,613
8415,28/04/2022 22:20:00,1.0,613,613
8416,28/04/2022 22:30:00,1.0,613,613
8417,28/04/2022 22:40:00,1.0,613,613
8418,28/04/2022 22:50:00,1.0,613,613
8419,28/04/2022 23:00:00,1.0,613,613
8420,28/04/2022 23:10:00,1.0,613,613
8421,28/04/2022 23:20:00,1.0,613,613
8422,28/04/2022 23:30:00,1.0,613,613
8423,28/04/2022 23:40:00,1.0,613,613
8424,28/04/2022 23:50:00,1.0,613,613
8425,29/04/2022 00:00:00,1.0,613,613
8426,29/04/2022 00:10:00,1.0,611,613
8427,29/04/2022 00:20:00,1.0,608,610
8428,29/04/2022 00:30:00,1.0,603,606
8429,29/04/2022 00:40:00,1.0,599,601
8430,29/04/2022 00:50:00,1.0,596,598
8431,29/04/2022 01:00:00,1.0,593,595
8432,29/04/2022 01:10:00,1.0,590,592
8433,29/04/2022 01:20:00,1.0,588,589
8434,29/04/2022 01:30:00,1.0,586,587
8435,29/04/2022 01:40:00,1.0,583,585
8436,29/04/2022 01:50:00,1.0,581,582
8437,29/04/2022 02:00:00,1.0,578,579
8438,29/04/2022 02:10:00,1.0,575,577
8439,29/04/2022 02:20:00,1.0,572,574
8440,29/04/2022 02:30:00,1.0,570,571
8441,29/04/2022 02:40:00,1.0,568,569
8442,29/04/2022 02:50:00,1.0,566,567
8443,29/04/2022 03:00:00,1.0,564,565
8444,29/04/2022 03:10:00,1.0,561,563
8445,29/04/2022 03:20:00,1.0,559,560
8446,29/04/2022 03:30:00,1.0,557,558
8447,29/04/2022 03:40:00,1.0,554,555
8448,29/04/2022 03:50:00,1.0,551,553
8449,29/04/2022 04:00:00,1.0,549,550
8450,29/04/2022 04:10:00,1.0,546,547
8451,29/04/2022 04:20:00,1.0,543,545
8452,29/04/2022 04:30:00,1.0,541,542
8453,29/04/2022 04:40:00,1.0,539,540
8454,29/04/2022 04:50:00,1.0,536,537
8455,29/04/2022 05:00:00,1.0,534,535
8456,29/04/2022 05:10:00,1.0,532,533
8457,29/04/2022 05:20:00,1.0,530,531
8458,29/04/2022 05:30:00,1.0,527,528
8459,29/04/2022 05:40:00,1.0,525,526
8460,29/04/2022 05:50:00,1.0,523,524
8461,29/04/2022 06:00:00,1.0,521,522
8462,29/04/2022 06:10:00,1.0,519,520
8463,29/04/2022 06:20:00,1.0,518,518
8464,29/04/2022 06:30:00,1.0,516,516
8465,29/04/2022 06:40:00,1.0,514,515
8466,29/04/2022 06:50:00,1.0,512,513
8467,29/04/2022 07:00:00,1.0,511,512
8468,29/04/2022 07:10:00,1.0,509,510
8469,29/04/2022 07:20:00,1.0,508,508
8470,29/04/2022 07:30:00,1.0,506,507
8471,29/04/2022 07:40:00,1.0,505,505
8472,29/04/2022 07:50:00,1.0,503,504
8473,29/04/2022 08:00:00,1.0,502,502
8474,29/04/2022 08:10:00,1.0,500,501
8475,29/04/2022 08:20:00,1.0,499,499
8476,29/04/2022 08:30:00,1.0,497,498
8477,29/04/2022 08:40:00,1.0,496,496
8478,29/04/2022 08:50:00,1.0,494,495
8479,29/04/2022 09:00:00,1.0,493,494
8480,29/04/2022 09:10:00,1.0,492,492
8481,29/04/2022 09:20:00,1.0,491,492
8482,29/04/2022 09:30:00,1.0,492,492
8483,29/04/2022 09:40:00,1.0,491,491
8484,29/04/2022 09:50:00,1.0,491,491
8485,29/04/2022 10:00:00,1.0,491,491
8486,29/04/2022 10:10:00,1.0,491,491
8487,29/04/2022 10:20:00,1.0,491,491
8488,29/04/2022 10:30:00,1.0,491,491
8489,29/04/2022 10:40:00,1.0,491,491
8490,29/04/2022 10:50:00,1.0,491,491
8491,29/04/2022 11:00:00,1.0,491,491
8492,29/04/2022 11:10:00,1.0,490,491
8493,29/04/2022 11:20:00,1.0,491,491
8494,29/04/2022 11:30:00,1.0,490,491
8495,29/04/2022 11:40:00,1.0,490,490
8496,29/04/2022 11:50:00,1.0,490,490
8497,29/04/2022 12:00:00,1.0,490,490
8498,29/04/2022 12:10:00,1.0,490,490
8499,29/04/2022 12:20:00,1.0,490,490
8500,29/04/2022 12:30:00,1.0,490,490
8501,29/04/2022 12:40:00,1.0,490,490
8502,29/04/2022 12:50:00,1.0,490,490
8503,29/04/2022 13:00:00,1.0,490,490
8504,29/04/2022 13:10:00,1.0,490,490
8505,29/04/2022 13:20:00,1.0,489,490
8506,29/04/2022 13:30:00,1.0,489,489
8507,29/04/2022 13:40:00,1.0,490,489
8508,29/04/2022 13:50:00,1.0,489,489
8509,29/04/2022 14:00:00,1.0,489,489
8510,29/04/2022 14:10:00,1.0,489,489
8511,29/04/2022 14:20:00,1.0,489,489
8512,29/04/2022 14:30:00,1.0,489,489
8513,29/04/2022 14:40:00,1.0,489,489
8514,29/04/2022 14:50:00,1.0,489,489
8515,29/04/2022 15:00:00,1.0,489,489
8516,29/04/2022 15:10:00,1.0,489,489
8517,29/04/2022 15:20:00,1.0,489,489
8518,29/04/2022 15:30:00,1.0,489,489
8519,29/04/2022 15:40:00,1.0,488,489
8520,29/04/2022 15:50:00,1.0,488,488
8521,29/04/2022 16:00:00,1.0,488,488
8522,29/04/2022 16:10:00,1.0,488,488
8523,29/04/2022 16:20:00,1.0,488,488
8524,29/04/2022 16:30:00,1.0,488,488
8525,29/04/2022 16:40:00,1.0,488,488
8526,29/04/2022 16:50:00,1.0,488,488
8527,29/04/2022 17:00:00,1.0,488,488
8528,29/04/2022 17:10:00,1.0,488,488
8529,29/04/2022 17:20:00,1.0,488,488
8530,29/04/2022 17:30:00,1.0,488,488
8531,29/04/2022 17:40:00,1.0,488,488
8532,29/04/2022 17:50:00,1.0,488,488
8533,29/04/2022 18:00:00,1.0,488,488
8534,29/04/2022 18:10:00,1.0,487,487
8535,29/04/2022 18:20:00,1.0,487,487
8536,29/04/2022 18:30:00,1.0,487,487
8537,29/04/2022 18:40:00,1.0,487,487
8538,29/04/2022 18:50:00,1.0,487,487
8539,29/04/2022 19:00:00,1.0,487,487
8540,29/04/2022 19:10:00,1.0,487,487
8541,29/04/2022 19:20:00,1.0,487,487
8542,29/04/2022 19:30:00,1.0,487,487
8543,29/04/2022 19:40:00,1.0,487,487
8544,29/04/2022 19:50:00,1.0,487,487
8545,29/04/2022 20:00:00,1.0,487,487
8546,29/04/2022 20:10:00,1.0,486,486
8547,29/04/2022 20:20:00,1.0,487,486
8548,29/04/2022 20:30:00,1.0,486,486
8549,29/04/2022 20:40:00,1.0,486,486
8550,29/04/2022 20:50:00,1.0,486,486
8551,29/04/2022 21:00:00,1.0,486,486
8552,29/04/2022 21:10:00,1.0,486,486
8553,29/04/2022 21:20:00,1.0,486,486
8554,29/04/2022 21:30:00,1.0,486,486
8555,29/04/2022 21:40:00,1.0,486,486
8556,29/04/2022 21:50:00,1.0,486,486
8557,29/04/2022 22:00:00,1.0,486,486
8558,29/04/2022 22:10:00,1.0,486,486
8559,29/04/2022 22:20:00,1.0,486,486
8560,29/04/2022 22:30:00,1.0,485,485
8561,29/04/2022 22:40:00,1.0,485,485
8562,29/04/2022 22:50:00,1.0,485,485
8563,29/04/2022 23:00:00,1.0,485,485
8564,29/04/2022 23:10:00,1.0,485,485
8565,29/04/2022 23:20:00,1.0,485,485
8566,29/04/2022 23:30:00,1.0,485,485
8567,29/04/2022 23:40:00,1.0,485,485
8568,29/04/2022 23:50:00,1.0,485,485
8569,30/04/2022 00:00:00,1.0,485,485
8570,30/04/2022 00:10:00,1.0,485,485
8571,30/04/2022 00:20:00,1.0,485,485
8572,30/04/2022 00:30:00,1.0,484,484
8573,30/04/2022 00:40:00,1.0,484,484
8574,30/04/2022 00:50:00,1.0,484,484
8575,30/04/2022 01:00:00,1.0,484,484
8576,30/04/2022 01:10:00,1.0,484,484
8577,30/04/2022 01:20:00,1.0,484,484
8578,30/04/2022 01:30:00,1.0,484,484
8579,30/04/2022 01:40:00,1.0,484,484
8580,30/04/2022 01:50:00,1.0,484,484
8581,30/04/2022 02:00:00,1.0,484,484
8582,30/04/2022 02:10:00,1.0,484,484
8583,30/04/2022 02:20:00,1.0,483,484
8584,30/04/2022 02:30:00,1.0,483,483
8585,30/04/2022 02:40:00,1.0,484,483
8586,30/04/2022 02:50:00,1.0,483,483
8587,30/04/2022 03:00:00,1.0,483,483
8588,30/04/2022 03:10:00,1.0,483,483
8589,30/04/2022 03:20:00,1.0,483,483
8590,30/04/2022 03:30:00,1.0,483,483
8591,30/04/2022 03:40:00,1.0,483,483
8592,30/04/2022 03:50:00,1.0,483,483
8593,30/04/2022 04:00:00,1.0,483,483
8594,30/04/2022 04:10:00,1.0,483,483
8595,30/04/2022 04:20:00,1.0,483,483
8596,30/04/2022 04:30:00,1.0,483,483
8597,30/04/2022 04:40:00,1.0,483,483
8598,30/04/2022 04:50:00,1.0,482,482
8599,30/04/2022 05:00:00,1.0,482,482
8600,30/04/2022 05:10:00,1.0,482,482
8601,30/04/2022 05:20:00,1.0,482,482
8602,30/04/2022 05:30:00,1.0,482,482
8603,30/04/2022 05:40:00,1.0,482,482
8604,30/04/2022 05:50:00,1.0,482,482
8605,30/04/2022 06:00:00,1.0,482,482
8606,30/04/2022 06:10:00,1.0,482,482
8607,30/04/2022 06:20:00,1.0,482,482
8608,30/04/2022 06:30:00,1.0,482,482
8609,30/04/2022 06:40:00,1.0,482,482
8610,30/04/2022 06:50:00,1.0,481,482
8611,30/04/2022 07:00:00,1.0,481,481
8612,30/04/2022 07:10:00,1.0,481,481
8613,30/04/2022 07:20:00,1.0,481,481
8614,30/04/2022 07:30:00,1.0,481,481
8615,30/04/2022 07:40:00,1.0,481,481
8616,30/04/2022 07:50:00,1.0,481,481
8617,30/04/2022 08:00:00,1.0,481,481
8618,30/04/2022 08:10:00,1.0,481,481
8619,30/04/2022 08:20:00,1.0,481,481
8620,30/04/2022 08:30:00,1.0,481,481
8621,30/04/2022 08:40:00,1.0,481,481
8622,30/04/2022 08:50:00,1.0,481,481
8623,30/04/2022 09:00:00,1.0,481,481
8624,30/04/2022 09:10:00,1.0,480,480
8625,30/04/2022 09:20:00,1.0,480,480
8626,30/04/2022 09:30:00,1.0,480,480
8627,30/04/2022 09:40:00,1.0,480,480
8628,30/04/2022 09:50:00,1.0,480,480
8629,30/04/2022 10:00:00,1.0,480,480
8630,30/04/2022 10:10:00,1.0,480,480
8631,30/04/2022 10:20:00,1.0,480,480
8632,30/04/2022 10:30:00,1.0,480,480
8633,30/04/2022 10:40:00,1.0,480,480
8634,30/04/2022 10:50:00,1.0,480,480
8635,30/04/2022 11:00:00,1.0,480,480
8636,30/04/2022 11:10:00,1.0,480,479
8637,30/04/2022 11:20:00,1.0,479,479
8638,30/04/2022 11:30:00,1.0,480,479
8639,30/04/2022 11:40:00,1.0,479,479
8640,30/04/2022 11:50:00,1.0,479,479
8641,30/04/2022 12:00:00,1.0,479,479
8642,30/04/2022 12:10:00,1.0,479,479
8643,30/04/2022 12:20:00,1.0,479,479
8644,30/04/2022 12:30:00,1.0,479,479
8645,30/04/2022 12:40:00,1.0,479,479
8646,30/04/2022 12:50:00,1.0,479,479
8647,30/04/2022 13:00:00,1.0,479,479
8648,30/04/2022 13:10:00,1.0,479,479
8649,30/04/2022 13:20:00,1.0,479,478
8650,30/04/2022 13:30:00,1.0,478,478
8651,30/04/2022 13:40:00,1.0,478,478
8652,30/04/2022 13:50:00,1.0,515,492
8653,30/04/2022 14:00:00,1.0,577,549
8654,30/04/2022 14:10:00,1.0,613,603
8655,30/04/2022 14:20:00,1.0,613,613
8656,30/04/2022 14:30:00,1.0,613,613
8657,30/04/2022 14:40:00,1.0,613,613
8658,30/04/2022 14:50:00,1.0,613,613
8659,30/04/2022 15:00:00,1.0,613,613
8660,30/04/2022 15:10:00,1.0,613,613
8661,30/04/2022 15:20:00,1.0,613,613
8662,30/04/2022 15:30:00,1.0,613,613
8663,30/04/2022 15:40:00,1.0,613,613
8664,30/04/2022 15:50:00,1.0,613,613
8665,30/04/2022 16:00:00,1.0,613,613
8666,30/04/2022 16:10:00,1.0,613,613
8667,30/04/2022 16:20:00,1.0,613,613
8668,30/04/2022 16:30:00,1.0,613,613
8669,30/04/2022 16:40:00,1.0,613,613
8670,30/04/2022 16:50:00,1.0,613,613
8671,30/04/2022 17:00:00,1.0,613,613
8672,30/04/2022 17:10:00,1.0,613,613
8673,30/04/2022 17:20:00,1.0,613,613
8674,30/04/2022 17:30:00,1.0,613,613
8675,30/04/2022 17:40:00,1.0,613,613
8676,30/04/2022 17:50:00,1.0,613,613
8677,30/04/2022 18:00:00,1.0,613,613
8678,30/04/2022 18:10:00,1.0,613,613
8679,30/04/2022 18:20:00,1.0,613,613
8680,30/04/2022 18:30:00,1.0,613,613
8681,30/04/2022 18:40:00,1.0,613,613
8682,30/04/2022 18:50:00,1.0,613,613
8683,30/04/2022 19:00:00,1.0,613,613
8684,30/04/2022 19:10:00,1.0,613,613
8685,30/04/2022 19:20:00,1.0,613,613
8686,30/04/2022 19:30:00,1.0,613,613
8687,30/04/2022 19:40:00,1.0,613,613
8688,30/04/2022 19:50:00,1.0,613,613
8689,30/04/2022 20:00:00,1.0,613,613
8690,30/04/2022 20:10:00,1.0,613,613
8691,30/04/2022 20:20:00,1.0,613,613
8692,30/04/2022 20:30:00,1.0,613,613
8693,30/04/2022 20:40:00,1.0,613,613
8694,30/04/2022 20:50:00,1.0,613,613
8695,30/04/2022 21:00:00,1.0,613,613
8696,30/04/2022 21:10:00,1.0,613,613
8697,30/04/2022 21:20:00,1.0,613,613
8698,30/04/2022 21:30:00,1.0,613,613
8699,30/04/2022 21:40:00,1.0,613,613
8700,30/04/2022 21:50:00,1.0,613,613
8701,30/04/2022 22:00:00,1.0,613,613
8702,30/04/2022 22:10:00,1.0,613,613
8703,30/04/2022 22:20:00,1.0,613,613
8704,30/04/2022 22:30:00,1.0,613,613
8705,30/04/2022 22:40:00,1.0,613,613
8706,30/04/2022 22:50:00,1.0,608,610
8707,30/04/2022 23:00:00,1.0,604,606
8708,30/04/2022 23:10:00,1.0,600,602
8709,30/04/2022 23:20:00,1.0,597,599
8710,30/04/2022 23:30:00,1.0,595,596
8711,30/04/2022 23:40:00,1.0,593,594
8712,30/04/2022 23:50:00,1.0,590,591
8713,01/05/2022 00:00:00,1.0,588,590
8714,01/05/2022 00:10:00,1.0,587,588
8715,01/05/2022 00:20:00,1.0,585,586
8716,01/05/2022 00:30:00,1.0,582,583
8717,01/05/2022 00:40:00,1.0,580,581
8718,01/05/2022 00:50:00,1.0,578,579
8719,01/05/2022 01:00:00,1.0,576,577
8720,01/05/2022 01:10:00,1.0,574,575
8721,01/05/2022 01:20:00,1.0,572,573
8722,01/05/2022 01:30:00,1.0,570,571
8723,01/05/2022 01:40:00,1.0,568,569
8724,01/05/2022 01:50:00,1.0,566,567
8725,01/05/2022 02:00:00,1.0,564,565
8726,01/05/2022 02:10:00,1.0,563,564
8727,01/05/2022 02:20:00,1.0,561,562
8728,01/05/2022 02:30:00,1.0,559,560
8729,01/05/2022 02:40:00,1.0,558,558
8730,01/05/2022 02:50:00,1.0,556,557
8731,01/05/2022 03:00:00,1.0,554,555
8732,01/05/2022 03:10:00,1.0,551,552
8733,01/05/2022 03:20:00,1.0,549,550
8734,01/05/2022 03:30:00,1.0,547,548
8735,01/05/2022 03:40:00,1.0,545,546
8736,01/05/2022 03:50:00,1.0,543,544
8737,01/05/2022 04:00:00,1.0,541,542
8738,01/05/2022 04:10:00,1.0,539,540
8739,01/05/2022 04:20:00,1.0,538,538
8740,01/05/2022 04:30:00,1.0,535,536
8741,01/05/2022 04:40:00,1.0,534,535
8742,01/05/2022 04:50:00,1.0,532,533
8743,01/05/2022 05:00:00,1.0,530,531
8744,01/05/2022 05:10:00,1.0,528,529
8745,01/05/2022 05:20:00,1.0,527,527
8746,01/05/2022 05:30:00,1.0,525,526
8747,01/05/2022 05:40:00,1.0,523,524
8748,01/05/2022 05:50:00,1.0,522,522
8749,01/05/2022 06:00:00,1.0,520,521
8750,01/05/2022 06:10:00,1.0,519,519
8751,01/05/2022 06:20:00,1.0,517,518
8752,01/05/2022 06:30:00,1.0,515,516
8753,01/05/2022 06:40:00,1.0,514,515
8754,01/05/2022 06:50:00,1.0,513,513
8755,01/05/2022 07:00:00,1.0,511,512
8756,01/05/2022 07:10:00,1.0,510,511
8757,01/05/2022 07:20:00,1.0,509,509
8758,01/05/2022 07:30:00,1.0,507,508
8759,01/05/2022 07:40:00,1.0,506,507
8760,01/05/2022 07:50:00,1.0,505,505
8761,01/05/2022 08:00:00,1.0,503,504
8762,01/05/2022 08:10:00,1.0,502,503
8763,01/05/2022 08:20:00,1.0,501,501
8764,01/05/2022 08:30:00,1.0,500,500
8765,01/05/2022 08:40:00,1.0,498,499
8766,01/05/2022 08:50:00,1.0,497,498
8767,01/05/2022 09:00:00,1.0,496,496
8768,01/05/2022 09:10:00,1.0,494,495
8769,01/05/2022 09:20:00,1.0,494,494
8770,01/05/2022 09:30:00,1.0,492,493
8771,01/05/2022 09:40:00,1.0,491,492
8772,01/05/2022 09:50:00,1.0,492,492
8773,01/05/2022 10:00:00,1.0,491,491
8774,01/05/2022 10:10:00,1.0,491,491
8775,01/05/2022 10:20:00,1.0,491,491
8776,01/05/2022 10:30:00,1.0,491,491
8777,01/05/2022 10:40:00,1.0,491,491
8778,01/05/2022 10:50:00,1.0,491,491
8779,01/05/2022 11:00:00,1.0,491,491
8780,01/05/2022 11:10:00,1.0,491,491
8781,01/05/2022 11:20:00,1.0,490,490
8782,01/05/2022 11:30:00,1.0,490,490
8783,01/05/2022 11:40:00,1.0,490,490
8784,01/05/2022 11:50:00,1.0,490,490
8785,01/05/2022 12:00:00,1.0,490,490
8786,01/05/2022 12:10:00,1.0,490,490
8787,01/05/2022 12:20:00,1.0,490,490
8788,01/05/2022 12:30:00,1.0,490,490
8789,01/05/2022 12:40:00,1.0,490,490
8790,01/05/2022 12:50:00,1.0,489,490
8791,01/05/2022 13:00:00,1.0,489,489
8792,01/05/2022 13:10:00,1.0,490,490
8793,01/05/2022 13:20:00,1.0,490,489
8794,01/05/2022 13:30:00,1.0,498,493
8795,01/05/2022 13:40:00,1.0,515,506
8796,01/05/2022 13:50:00,1.0,538,526
8797,01/05/2022 14:00:00,1.0,559,549
8798,01/05/2022 14:10:00,1.0,575,567
8799,01/05/2022 14:20:00,1.0,590,583
8800,01/05/2022 14:30:00,1.0,606,597
8801,01/05/2022 14:40:00,1.0,613,612
8802,01/05/2022 14:50:00,1.0,613,613
8803,01/05/2022 15:00:00,1.0,613,613
8804,01/05/2022 15:10:00,1.0,613,613
8805,01/05/2022 15:20:00,1.0,613,613
8806,01/05/2022 15:30:00,1.0,613,613
8807,01/05/2022 15:40:00,1.0,613,613
8808,01/05/2022 15:50:00,1.0,613,613
8809,01/05/2022 16:00:00,1.0,613,613
8810,01/05/2022 16:10:00,1.0,613,613
8811,01/05/2022 16:20:00,1.0,613,613
8812,01/05/2022 16:30:00,1.0,613,613
8813,01/05/2022 16:40:00,1.0,613,613
8814,01/05/2022 16:50:00,1.0,613,613
8815,01/05/2022 17:00:00,1.0,613,613
8816,01/05/2022 17:10:00,1.0,613,613
8817,01/05/2022 17:20:00,1.0,613,613
8818,01/05/2022 17:30:00,1.0,613,613
8819,01/05/2022 17:40:00,1.0,613,613
8820,01/05/2022 17:50:00,1.0,613,613
8821,01/05/2022 18:00:00,1.0,613,613
8822,01/05/2022 18:10:00,1.0,613,613
8823,01/05/2022 18:20:00,1.0,613,613
8824,01/05/2022 18:30:00,1.0,613,613
8825,01/05/2022 18:40:00,1.0,613,613
8826,01/05/2022 18:50:00,1.0,613,613
8827,01/05/2022 19:00:00,1.0,613,613
8828,01/05/2022 19:10:00,1.0,613,613
8829,01/05/2022 19:20:00,1.0,613,613
8830,01/05/2022 19:30:00,1.0,613,613
8831,01/05/2022 19:40:00,1.0,613,613
8832,01/05/2022 19:50:00,1.0,613,613
8833,01/05/2022 20:00:00,1.0,613,613
8834,01/05/2022 20:10:00,1.0,613,613
8835,01/05/2022 20:20:00,1.0,613,613
8836,01/05/2022 20:30:00,1.0,613,613
8837,01/05/2022 20:40:00,1.0,613,613
8838,01/05/2022 20:50:00,1.0,613,613
8839,01/05/2022 21:00:00,1.0,613,613
8840,01/05/2022 21:10:00,1.0,613,613
8841,01/05/2022 21:20:00,1.0,613,613
8842,01/05/2022 21:30:00,1.0,613,613
8843,01/05/2022 21:40:00,1.0,613,613
8844,01/05/2022 21:50:00,1.0,613,613
8845,01/05/2022 22:00:00,1.0,613,613
8846,01/05/2022 22:10:00,1.0,613,613
8847,01/05/2022 22:20:00,1.0,613,613
8848,01/05/2022 22:30:00,1.0,613,613
8849,01/05/2022 22:40:00,1.0,613,613
8850,01/05/2022 22:50:00,1.0,613,613
8851,01/05/2022 23:00:00,1.0,613,613
8852,01/05/2022 23:10:00,1.0,613,613
8853,01/05/2022 23:20:00,1.0,613,613
8854,01/05/2022 23:30:00,1.0,613,613
8855,01/05/2022 23:40:00,1.0,613,613
8856,01/05/2022 23:50:00,1.0,613,613
8857,02/05/2022 00:00:00,1.0,613,613
8858,02/05/2022 00:10:00,1.0,613,613
8859,02/05/2022 00:20:00,1.0,613,613
8860,02/05/2022 00:30:00,1.0,613,613
8861,02/05/2022 00:40:00,1.0,610,612
8862,02/05/2022 00:50:00,1.0,607,609
8863,02/05/2022 01:00:00,1.0,604,606
8864,02/05/2022 01:10:00,1.0,602,603
8865,02/05/2022 01:20:00,1.0,599,600
8866,02/05/2022 01:30:00,1.0,597,598
8867,02/05/2022 01:40:00,1.0,595,596
8868,02/05/2022 01:50:00,1.0,593,594
8869,02/05/2022 02:00:00,1.0,591,592
8870,02/05/2022 02:10:00,1.0,590,591
8871,02/05/2022 02:20:00,1.0,588,589
8872,02/05/2022 02:30:00,1.0,587,588
8873,02/05/2022 02:40:00,1.0,586,586
8874,02/05/2022 02:50:00,1.0,584,585
8875,02/05/2022 03:00:00,1.0,582,583
8876,02/05/2022 03:10:00,1.0,581,581
8877,02/05/2022 03:20:00,1.0,579,580
8878,02/05/2022 03:30:00,1.0,577,578
8879,02/05/2022 03:40:00,1.0,576,576
8880,02/05/2022 03:50:00,1.0,574,575
8881,02/05/2022 04:00:00,1.0,572,573
8882,02/05/2022 04:10:00,1.0,571,572
8883,02/05/2022 04:20:00,1.0,570,570
8884,02/05/2022 04:30:00,1.0,568,569
8885,02/05/2022 04:40:00,1.0,567,567
8886,02/05/2022 04:50:00,1.0,565,566
8887,02/05/2022 05:00:00,1.0,564,565
8888,02/05/2022 05:10:00,1.0,563,564
8889,02/05/2022 05:20:00,1.0,561,562
8890,02/05/2022 05:30:00,1.0,560,561
8891,02/05/2022 05:40:00,1.0,558,559
8892,02/05/2022 05:50:00,1.0,557,558
8893,02/05/2022 06:00:00,1.0,556,556
8894,02/05/2022 06:10:00,1.0,554,555
8895,02/05/2022 06:20:00,1.0,552,553
8896,02/05/2022 06:30:00,1.0,550,551
8897,02/05/2022 06:40:00,1.0,549,550
8898,02/05/2022 06:50:00,1.0,547,548
8899,02/05/2022 07:00:00,1.0,546,546
8900,02/05/2022 07:10:00,1.0,544,545
8901,02/05/2022 07:20:00,1.0,542,543
8902,02/05/2022 07:30:00,1.0,541,541
8903,02/05/2022 07:40:00,1.0,539,540
8904,02/05/2022 07:50:00,1.0,538,538
8905,02/05/2022 08:00:00,1.0,536,537
8906,02/05/2022 08:10:00,1.0,534,535
8907,02/05/2022 08:20:00,1.0,533,534
8908,02/05/2022 08:30:00,1.0,531,532
8909,02/05/2022 08:40:00,1.0,530,531
8910,02/05/2022 08:50:00,1.0,528,529
8911,02/05/2022 09:00:00,1.0,527,528
8912,02/05/2022 09:10:00,1.0,526,526
8913,02/05/2022 09:20:00,1.0,524,525
8914,02/05/2022 09:30:00,1.0,523,523
8915,02/05/2022 09:40:00,1.0,521,522
8916,02/05/2022 09:50:00,1.0,520,520
8917,02/05/2022 10:00:00,1.0,519,519
8918,02/05/2022 10:10:00,1.0,517,518
8919,02/05/2022 10:20:00,1.0,516,516
8920,02/05/2022 10:30:00,1.0,514,515
8921,02/05/2022 10:40:00,1.0,513,514
8922,02/05/2022 10:50:00,1.0,512,513
8923,02/05/2022 11:00:00,1.0,511,511
8924,02/05/2022 11:10:00,1.0,509,510
8925,02/05/2022 11:20:00,1.0,508,509
8926,02/05/2022 11:30:00,1.0,507,507
8927,02/05/2022 11:40:00,1.0,505,506
8928,02/05/2022 11:50:00,1.0,504,505
8929,02/05/2022 12:00:00,1.0,503,504
8930,02/05/2022 12:10:00,1.0,502,502
8931,02/05/2022 12:20:00,1.0,501,501
8932,02/05/2022 12:30:00,1.0,499,500
8933,02/05/2022 12:40:00,1.0,498,499
8934,02/05/2022 12:50:00,1.0,497,498
8935,02/05/2022 13:00:00,1.0,496,496
8936,02/05/2022 13:10:00,1.0,495,495
8937,02/05/2022 13:20:00,1.0,494,494
8938,02/05/2022 13:30:00,1.0,492,493
8939,02/05/2022 13:40:00,1.0,491,492
8940,02/05/2022 13:50:00,1.0,491,491
8941,02/05/2022 14:00:00,1.0,491,491
8942,02/05/2022 14:10:00,1.0,491,491
8943,02/05/2022 14:20:00,1.0,491,491
8944,02/05/2022 14:30:00,1.0,491,491
8945,02/05/2022 14:40:00,1.0,491,491
8946,02/05/2022 14:50:00,1.0,491,491
8947,02/05/2022 15:00:00,1.0,490,491
8948,02/05/2022 15:10:00,1.0,491,490
8949,02/05/2022 15:20:00,1.0,491,491
8950,02/05/2022 15:30:00,1.0,491,491
8951,02/05/2022 15:40:00,1.0,499,494
8952,02/05/2022 15:50:00,1.0,519,507
8953,02/05/2022 16:00:00,1.0,568,542
8954,02/05/2022 16:10:00,1.0,613,592
8955,02/05/2022 16:20:00,1.0,613,613
8956,02/05/2022 16:30:00,1.0,613,613
8957,02/05/2022 16:40:00,1.0,613,613
8958,02/05/2022 16:50:00,1.0,613,613
8959,02/05/2022 17:00:00,1.0,613,613
8960,02/05/2022 17:10:00,1.0,613,613
8961,02/05/2022 17:20:00,1.0,613,613
8962,02/05/2022 17:30:00,1.0,613,613
8963,02/05/2022 17:40:00,1.0,613,613
8964,02/05/2022 17:50:00,1.0,613,613
8965,02/05/2022 18:00:00,1.0,613,613
8966,02/05/2022 18:10:00,1.0,613,613
8967,02/05/2022 18:20:00,1.0,613,613
8968,02/05/2022 18:30:00,1.0,613,613
8969,02/05/2022 18:40:00,1.0,613,613
8970,02/05/2022 18:50:00,1.0,613,613
8971,02/05/2022 19:00:00,1.0,613,613
8972,02/05/2022 19:10:00,1.0,613,613
8973,02/05/2022 19:20:00,1.0,613,613
8974,02/05/2022 19:30:00,1.0,613,613
8975,02/05/2022 19:40:00,1.0,613,613
8976,02/05/2022 19:50:00,1.0,613,613
8977,02/05/2022 20:00:00,1.0,613,613
8978,02/05/2022 20:10:00,1.0,613,613
8979,02/05/2022 20:20:00,1.0,613,613
8980,02/05/2022 20:30:00,1.0,613,613
8981,02/05/2022 20:40:00,1.0,613,613
8982,02/05/2022 20:50:00,1.0,613,613
8983,02/05/2022 21:00:00,1.0,613,613
8984,02/05/2022 21:10:00,1.0,613,613
8985,02/05/2022 21:20:00,1.0,613,613
8986,02/05/2022 21:30:00,1.0,613,613
8987,02/05/2022 21:40:00,1.0,613,613
8988,02/05/2022 21:50:00,1.0,613,613
8989,02/05/2022 22:00:00,1.0,613,613
8990,02/05/2022 22:10:00,1.0,613,613
8991,02/05/2022 22:20:00,1.0,613,613
8992,02/05/2022 22:30:00,1.0,613,613
8993,02/05/2022 22:40:00,1.0,613,613
8994,02/05/2022 22:50:00,1.0,613,613
8995,02/05/2022 23:00:00,1.0,613,613
8996,02/05/2022 23:10:00,1.0,613,613
8997,02/05/2022 23:20:00,1.0,613,613
8998,02/05/2022 23:30:00,1.0,613,613
8999,02/05/2022 23:40:00,1.0,613,613
9000,02/05/2022 23:50:00,1.0,613,613
9001,03/05/2022 00:00:00,1.0,613,613
9002,03/05/2022 00:10:00,1.0,613,613
9003,03/05/2022 00:20:00,1.0,611,613
9004,03/05/2022 00:30:00,1.0,608,609
9005,03/05/2022 00:40:00,1.0,604,606
9006,03/05/2022 00:50:00,1.0,602,603
9007,03/05/2022 01:00:00,1.0,599,600
9008,03/05/2022 01:10:00,1.0,596,598
9009,03/05/2022 01:20:00,1.0,594,595
9010,03/05/2022 01:30:00,1.0,592,593
9011,03/05/2022 01:40:00,1.0,590,591
9012,03/05/2022 01:50:00,1.0,589,590
9013,03/05/2022 02:00:00,1.0,588,588
9014,03/05/2022 02:10:00,1.0,586,587
9015,03/05/2022 02:20:00,1.0,584,585
9016,03/05/2022 02:30:00,1.0,582,583
9017,03/05/2022 02:40:00,1.0,581,581
9018,03/05/2022 02:50:00,1.0,579,579
9019,03/05/2022 03:00:00,1.0,577,578
9020,03/05/2022 03:10:00,1.0,575,576
9021,03/05/2022 03:20:00,1.0,573,574
9022,03/05/2022 03:30:00,1.0,572,572
9023,03/05/2022 03:40:00,1.0,570,571
9024,03/05/2022 03:50:00,1.0,569,569
9025,03/05/2022 04:00:00,1.0,567,568
9026,03/05/2022 04:10:00,1.0,566,566
9027,03/05/2022 04:20:00,1.0,564,565
9028,03/05/2022 04:30:00,1.0,563,564
9029,03/05/2022 04:40:00,1.0,562,562
9030,03/05/2022 04:50:00,1.0,560,561
9031,03/05/2022 05:00:00,1.0,558,559
9032,03/05/2022 05:10:00,1.0,557,558
9033,03/05/2022 05:20:00,1.0,555,556
9034,03/05/2022 05:30:00,1.0,554,555
9035,03/05/2022 05:40:00,1.0,552,553
9036,03/05/2022 05:50:00,1.0,550,551
9037,03/05/2022 06:00:00,1.0,548,549
9038,03/05/2022 06:10:00,1.0,546,547
9039,03/05/2022 06:20:00,1.0,545,546
9040,03/05/2022 06:30:00,1.0,543,544
9041,03/05/2022 06:40:00,1.0,541,542
9042,03/05/2022 06:50:00,1.0,540,540
9043,03/05/2022 07:00:00,1.0,538,539
9044,03/05/2022 07:10:00,1.0,536,537
9045,03/05/2022 07:20:00,1.0,534,536
9046,03/05/2022 07:30:00,1.0,533,534
9047,03/05/2022 07:40:00,1.0,532,532
9048,03/05/2022 07:50:00,1.0,530,531
9049,03/05/2022 08:00:00,1.0,528,529
9050,03/05/2022 08:10:00,1.0,527,528
9051,03/05/2022 08:20:00,1.0,525,526
9052,03/05/2022 08:30:00,1.0,524,525
9053,03/05/2022 08:40:00,1.0,522,523
9054,03/05/2022 08:50:00,1.0,521,522
9055,03/05/2022 09:00:00,1.0,520,520
9056,03/05/2022 09:10:00,1.0,518,519
9057,03/05/2022 09:20:00,1.0,517,517
9058,03/05/2022 09:30:00,1.0,516,516
9059,03/05/2022 09:40:00,1.0,514,515
9060,03/05/2022 09:50:00,1.0,513,514
9061,03/05/2022 10:00:00,1.0,511,512
9062,03/05/2022 10:10:00,1.0,511,511
9063,03/05/2022 10:20:00,1.0,509,510
9064,03/05/2022 10:30:00,1.0,508,509
9065,03/05/2022 10:40:00,1.0,507,508
9066,03/05/2022 10:50:00,1.0,506,506
9067,03/05/2022 11:00:00,1.0,505,505
9068,03/05/2022 11:10:00,1.0,503,504
9069,03/05/2022 11:20:00,1.0,502,503
9070,03/05/2022 11:30:00,1.0,501,502
9071,03/05/2022 11:40:00,1.0,500,501
9072,03/05/2022 11:50:00,1.0,499,499
9073,03/05/2022 12:00:00,1.0,498,498
9074,03/05/2022 12:10:00,1.0,497,497
9075,03/05/2022 12:20:00,1.0,496,496
9076,03/05/2022 12:30:00,1.0,495,495
9077,03/05/2022 12:40:00,1.0,494,495
9078,03/05/2022 12:50:00,1.0,494,494
9079,03/05/2022 13:00:00,1.0,494,493
9080,03/05/2022 13:10:00,1.0,500,496
9081,03/05/2022 13:20:00,1.0,509,504
9082,03/05/2022 13:30:00,1.0,522,516
9083,03/05/2022 13:40:00,1.0,542,531
9084,03/05/2022 13:50:00,1.0,565,554
9085,03/05/2022 14:00:00,1.0,589,577
9086,03/05/2022 14:10:00,1.0,613,603
9087,03/05/2022 14:20:00,1.0,613,613
9088,03/05/2022 14:30:00,1.0,613,613
9089,03/05/2022 14:40:00,1.0,613,613
9090,03/05/2022 14:50:00,1.0,613,613
9091,03/05/2022 15:00:00,1.0,613,613
9092,03/05/2022 15:10:00,1.0,613,613
9093,03/05/2022 15:20:00,1.0,613,613
9094,03/05/2022 15:30:00,1.0,613,613
9095,03/05/2022 15:40:00,1.0,613,613
9096,03/05/2022 15:50:00,1.0,613,613
9097,03/05/2022 16:00:00,1.0,613,613
9098,03/05/2022 16:10:00,1.0,613,613
9099,03/05/2022 16:20:00,1.0,613,613
9100,03/05/2022 16:30:00,1.0,613,613
9101,03/05/2022 16:40:00,1.0,613,613
9102,03/05/2022 16:50:00,1.0,613,613
9103,03/05/2022 17:00:00,1.0,613,613
9104,03/05/2022 17:10:00,1.0,613,613
9105,03/05/2022 17:20:00,1.0,613,613
9106,03/05/2022 17:30:00,1.0,613,613
9107,03/05/2022 17:40:00,1.0,613,613
9108,03/05/2022 17:50:00,1.0,613,613
9109,03/05/2022 18:00:00,1.0,613,613
9110,03/05/2022 18:10:00,1.0,613,613
9111,03/05/2022 18:20:00,1.0,613,613
9112,03/05/2022 18:30:00,1.0,613,613
9113,03/05/2022 18:40:00,1.0,613,613
9114,03/05/2022 18:50:00,1.0,613,613
9115,03/05/2022 19:00:00,1.0,613,613
9116,03/05/2022 19:10:00,1.0,613,613
9117,03/05/2022 19:20:00,1.0,613,613
9118,03/05/2022 19:30:00,1.0,613,613
9119,03/05/2022 19:40:00,1.0,613,613
9120,03/05/2022 19:50:00,1.0,613,613
9121,03/05/2022 20:00:00,1.0,613,613
9122,03/05/2022 20:10:00,1.0,613,613
9123,03/05/2022 20:20:00,1.0,613,613
9124,03/05/2022 20:30:00,1.0,613,613
9125,03/05/2022 20:40:00,1.0,613,613
9126,03/05/2022 20:50:00,1.0,613,613
9127,03/05/2022 21:00:00,1.0,613,613
9128,03/05/2022 21:10:00,1.0,613,613
9129,03/05/2022 21:20:00,0.9,613,613
9130,03/05/2022 21:30:00,0.9,613,613
9131,03/05/2022 21:40:00,0.9,613,613
9132,03/05/2022 21:50:00,0.9,613,613
9133,03/05/2022 22:00:00,0.9,613,613
9134,03/05/2022 22:10:00,0.9,613,613
9135,03/05/2022 22:20:00,0.9,613,613
9136,03/05/2022 22:30:00,0.9,613,613
9137,03/05/2022 22:40:00,0.9,613,613
9138,03/05/2022 22:50:00,0.9,613,613
9139,03/05/2022 23:00:00,0.9,613,613
9140,03/05/2022 23:10:00,0.9,613,613
9141,03/05/2022 23:20:00,0.9,613,613
9142,03/05/2022 23:30:00,0.9,613,613
9143,03/05/2022 23:40:00,0.9,613,613
9144,03/05/2022 23:50:00,0.9,613,613
9145,04/05/2022 00:00:00,0.9,613,613
9146,04/05/2022 00:10:00,0.9,613,613
9147,04/05/2022 00:20:00,0.9,608,610
9148,04/05/2022 00:30:00,0.9,604,606
9149,04/05/2022 00:40:00,0.9,601,603
9150,04/05/2022 00:50:00,0.9,598,599
9151,04/05/2022 01:00:00,0.9,595,597
9152,04/05/2022 01:10:00,0.9,593,594
9153,04/05/2022 01:20:00,0.9,591,592
9154,04/05/2022 01:30:00,0.9,589,590
9155,04/05/2022 01:40:00,0.9,587,588
9156,04/05/2022 01:50:00,0.9,585,586
9157,04/05/2022 02:00:00,0.9,583,584
9158,04/05/2022 02:10:00,0.9,581,582
9159,04/05/2022 02:20:00,0.9,579,579
9160,04/05/2022 02:30:00,0.9,576,577
9161,04/05/2022 02:40:00,0.9,574,575
9162,04/05/2022 02:50:00,0.9,572,573
9163,04/05/2022 03:00:00,0.9,570,571
9164,04/05/2022 03:10:00,0.9,568,569
9165,04/05/2022 03:20:00,0.9,567,568
9166,04/05/2022 03:30:00,0.9,565,566
9167,04/05/2022 03:40:00,0.9,563,564
9168,04/05/2022 03:50:00,0.9,562,563
9169,04/05/2022 04:00:00,0.9,560,561
9170,04/05/2022 04:10:00,0.9,558,559
9171,04/05/2022 04:20:00,0.9,556,557
9172,04/05/2022 04:30:00,0.9,554,555
9173,04/05/2022 04:40:00,0.9,552,553
9174,04/05/2022 04:50:00,0.9,550,551
9175,04/05/2022 05:00:00,0.9,548,549
9176,04/05/2022 05:10:00,0.9,546,547
9177,04/05/2022 05:20:00,0.9,544,545
9178,04/05/2022 05:30:00,0.9,542,543
9179,04/05/2022 05:40:00,0.9,540,540
9180,04/05/2022 05:50:00,0.9,538,539
9181,04/05/2022 06:00:00,0.9,536,537
9182,04/05/2022 06:10:00,0.9,534,535
9183,04/05/2022 06:20:00,0.9,532,533
9184,04/05/2022 06:30:00,0.9,530,531
9185,04/05/2022 06:40:00,0.9,528,529
9186,04/05/2022 06:50:00,0.9,526,527
9187,04/05/2022 07:00:00,0.9,525,525
9188,04/05/2022 07:10:00,0.9,523,524
9189,04/05/2022 07:20:00,0.9,521,522
9190,04/05/2022 07:30:00,0.9,519,520
9191,04/05/2022 07:40:00,0.9,518,518
9192,04/05/2022 07:50:00,0.9,516,517
9193,04/05/2022 08:00:00,0.9,514,515
9194,04/05/2022 08:10:00,0.9,513,514
9195,04/05/2022 08:20:00,0.9,511,512
9196,04/05/2022 08:30:00,0.9,510,511
9197,04/05/2022 08:40:00,0.9,509,509
9198,04/05/2022 08:50:00,0.9,507,508
9199,04/05/2022 09:00:00,0.9,505,506
9200,04/05/2022 09:10:00,0.9,504,505
9201,04/05/2022 09:20:00,0.9,503,503
9202,04/05/2022 09:30:00,0.9,501,502
9203,04/05/2022 09:40:00,0.9,500,500
9204,04/05/2022 09:50:00,0.9,498,499
9205,04/05/2022 10:00:00,0.9,497,498
9206,04/05/2022 10:10:00,0.9,496,496
9207,04/05/2022 10:20:00,0.9,494,495
9208,04/05/2022 10:30:00,0.9,493,494
9209,04/05/2022 10:40:00,0.9,492,492
9210,04/05/2022 10:50:00,0.9,491,491
9211,04/05/2022 11:00:00,0.9,491,491
9212,04/05/2022 11:10:00,0.9,491,491
9213,04/05/2022 11:20:00,0.9,491,491
9214,04/05/2022 11:30:00,0.9,491,491
9215,04/05/2022 11:40:00,0.9,491,491
9216,04/05/2022 11:50:00,0.9,491,491
9217,04/05/2022 12:00:00,0.9,491,491
9218,04/05/2022 12:10:00,0.9,490,491
9219,04/05/2022 12:20:00,0.9,490,490
9220,04/05/2022 12:30:00,0.9,490,490
9221,04/05/2022 12:40:00,0.9,490,490
9222,04/05/2022 12:50:00,0.9,490,490
9223,04/05/2022 13:00:00,0.9,490,490
9224,04/05/2022 13:10:00,0.9,490,490
9225,04/05/2022 13:20:00,0.9,490,490
9226,04/05/2022 13:30:00,0.9,490,490
9227,04/05/2022 13:40:00,0.9,490,490
9228,04/05/2022 13:50:00,0.9,490,490
9229,04/05/2022 14:00:00,0.9,490,490
9230,04/05/2022 14:10:00,0.9,490,490
9231,04/05/2022 14:20:00,0.9,490,490
9232,04/05/2022 14:30:00,0.9,490,490
9233,04/05/2022 14:40:00,0.9,490,490
9234,04/05/2022 14:50:00,0.9,489,489
9235,04/05/2022 15:00:00,0.9,489,489
9236,04/05/2022 15:10:00,0.9,489,489
9237,04/05/2022 15:20:00,0.9,489,489
9238,04/05/2022 15:30:00,0.9,489,489
9239,04/05/2022 15:40:00,0.9,489,489
9240,04/05/2022 15:50:00,0.9,489,489
9241,04/05/2022 16:00:00,0.9,489,489
9242,04/05/2022 16:10:00,0.9,489,489
9243,04/05/2022 16:20:00,0.9,489,489
9244,04/05/2022 16:30:00,0.9,489,489
9245,04/05/2022 16:40:00,0.9,489,489
9246,04/05/2022 16:50:00,0.9,489,489
9247,04/05/2022 17:00:00,0.9,488,489
9248,04/05/2022 17:10:00,0.9,489,489
9249,04/05/2022 17:20:00,0.9,488,489
9250,04/05/2022 17:30:00,0.9,488,488
9251,04/05/2022 17:40:00,0.9,488,488
9252,04/05/2022 17:50:00,0.9,488,488
9253,04/05/2022 18:00:00,0.9,488,488
9254,04/05/2022 18:10:00,0.9,488,488
9255,04/05/2022 18:20:00,0.9,488,488
9256,04/05/2022 18:30:00,0.9,488,488
9257,04/05/2022 18:40:00,0.9,488,488
9258,04/05/2022 18:50:00,0.9,488,488
9259,04/05/2022 19:00:00,0.9,488,488
9260,04/05/2022 19:10:00,0.9,488,488
9261,04/05/2022 19:20:00,0.9,488,488
9262,04/05/2022 19:30:00,0.9,488,488
9263,04/05/2022 19:40:00,0.9,488,488
9264,04/05/2022 19:50:00,0.9,488,488
9265,04/05/2022 20:00:00,0.9,487,487
9266,04/05/2022 20:10:00,0.9,487,487
9267,04/05/2022 20:20:00,0.9,487,487
9268,04/05/2022 20:30:00,0.9,487,487
9269,04/05/2022 20:40:00,0.9,487,487
9270,04/05/2022 20:50:00,0.9,487,487
9271,04/05/2022 21:00:00,0.9,487,487
9272,04/05/2022 21:10:00,0.9,487,487
9273,04/05/2022 21:20:00,0.9,487,487
9274,04/05/2022 21:30:00,0.9,487,487
9275,04/05/2022 21:40:00,0.9,487,487
9276,04/05/2022 21:50:00,0.9,487,487
9277,04/05/2022 22:00:00,0.9,487,487
9278,04/05/2022 22:10:00,0.9,487,487
9279,04/05/2022 22:20:00,0.9,486,486
9280,04/05/2022 22:30:00,0.9,487,486
9281,04/05/2022 22:40:00,0.9,486,486
9282,04/05/2022 22:50:00,0.9,486,486
9283,04/05/2022 23:00:00,1.0,486,486
9284,04/05/2022 23:10:00,0.9,486,486
9285,04/05/2022 23:20:00,1.0,486,486
9286,04/05/2022 23:30:00,0.9,486,486
9287,04/05/2022 23:40:00,0.9,486,486
9288,04/05/2022 23:50:00,1.0,486,486
9289,05/05/2022 00:00:00,1.0,486,486
9290,05/05/2022 00:10:00,1.0,486,486
9291,05/05/2022 00:20:00,1.0,486,486
9292,05/05/2022 00:30:00,1.0,486,486
9293,05/05/2022 00:40:00,1.0,486,486
9294,05/05/2022 00:50:00,1.0,486,486
9295,05/05/2022 01:00:00,1.0,485,485
9296,05/05/2022 01:10:00,1.0,485,485
9297,05/05/2022 01:20:00,1.0,485,485
9298,05/05/2022 01:30:00,1.0,485,485
9299,05/05/2022 01:40:00,0.9,485,485
9300,05/05/2022 01:50:00,0.9,485,485
9301,05/05/2022 02:00:00,0.9,485,485
9302,05/05/2022 02:10:00,0.9,485,485
9303,05/05/2022 02:20:00,0.9,485,485
9304,05/05/2022 02:30:00,0.9,485,485
9305,05/05/2022 02:40:00,1.0,485,485
9306,05/05/2022 02:50:00,0.9,485,485
9307,05/05/2022 03:00:00,1.0,485,485
9308,05/05/2022 03:10:00,1.0,484,485
9309,05/05/2022 03:20:00,1.0,484,484
9310,05/05/2022 03:30:00,1.0,485,484
9311,05/05/2022 03:40:00,1.0,484,484
9312,05/05/2022 03:50:00,1.0,484,484
9313,05/05/2022 04:00:00,1.0,484,484
9314,05/05/2022 04:10:00,1.0,484,484
9315,05/05/2022 04:20:00,1.0,484,484
9316,05/05/2022 04:30:00,1.0,484,484
9317,05/05/2022 04:40:00,1.0,484,484
9318,05/05/2022 04:50:00,1.0,484,484
9319,05/05/2022 05:00:00,1.0,484,484
9320,05/05/2022 05:10:00,1.0,484,484
9321,05/05/2022 05:20:00,1.0,484,484
9322,05/05/2022 05:30:00,1.0,483,483
9323,05/05/2022 05:40:00,1.0,484,484
9324,05/05/2022 05:50:00,1.0,483,484
9325,05/05/2022 06:00:00,1.0,483,483
9326,05/05/2022 06:10:00,1.0,483,483
9327,05/05/2022 06:20:00,1.0,483,483
9328,05/05/2022 06:30:00,1.0,483,483
9329,05/05/2022 06:40:00,1.0,483,483
9330,05/05/2022 06:50:00,1.0,483,483
9331,05/05/2022 07:00:00,1.0,483,483
9332,05/05/2022 07:10:00,1.0,483,483
9333,05/05/2022 07:20:00,1.0,483,483
9334,05/05/2022 07:30:00,1.0,483,483
9335,05/05/2022 07:40:00,1.0,483,483
9336,05/05/2022 07:50:00,1.0,483,483
9337,05/05/2022 08:00:00,1.0,483,483
9338,05/05/2022 08:10:00,1.0,482,482
9339,05/05/2022 08:20:00,1.0,482,482
9340,05/05/2022 08:30:00,1.0,482,482
9341,05/05/2022 08:40:00,1.0,482,482
9342,05/05/2022 08:50:00,1.0,482,482
9343,05/05/2022 09:00:00,1.0,482,482
9344,05/05/2022 09:10:00,1.0,482,482
9345,05/05/2022 09:20:00,1.0,482,482
9346,05/05/2022 09:30:00,1.0,482,482
9347,05/05/2022 09:40:00,1.0,482,482
9348,05/05/2022 09:50:00,1.0,482,482
9349,05/05/2022 10:00:00,1.0,482,482
9350,05/05/2022 10:10:00,1.0,482,482
9351,05/05/2022 10:20:00,1.0,481,482
9352,05/05/2022 10:30:00,1.0,481,481
9353,05/05/2022 10:40:00,1.0,481,481
9354,05/05/2022 10:50:00,1.0,481,481
9355,05/05/2022 11:00:00,1.0,481,481
9356,05/05/2022 11:10:00,1.0,481,481
9357,05/05/2022 11:20:00,1.0,481,481
9358,05/05/2022 11:30:00,1.0,481,481
9359,05/05/2022 11:40:00,1.0,481,481
9360,05/05/2022 11:50:00,1.0,481,481
9361,05/05/2022 12:00:00,1.0,481,481
9362,05/05/2022 12:10:00,1.0,481,481
9363,05/05/2022 12:20:00,1.0,481,481
9364,05/05/2022 12:30:00,1.0,481,481
9365,05/05/2022 12:40:00,1.0,481,481
9366,05/05/2022 12:50:00,1.0,481,481
9367,05/05/2022 13:00:00,1.0,481,481
9368,05/05/2022 13:10:00,1.0,480,480
9369,05/05/2022 13:20:00,1.0,481,480
9370,05/05/2022 13:30:00,1.0,480,480
9371,05/05/2022 13:40:00,1.0,480,480
9372,05/05/2022 13:50:00,1.0,480,480
9373,05/05/2022 14:00:00,1.0,480,480
9374,05/05/2022 14:10:00,1.0,480,480
9375,05/05/2022 14:20:00,1.0,480,480
9376,05/05/2022 14:30:00,1.0,480,480
9377,05/05/2022 14:40:00,1.0,480,480
9378,05/05/2022 14:50:00,1.0,480,480
9379,05/05/2022 15:00:00,1.0,480,480
9380,05/05/2022 15:10:00,1.0,480,480
9381,05/05/2022 15:20:00,1.0,480,480
9382,05/05/2022 15:30:00,1.0,480,480
9383,05/05/2022 15:40:00,1.0,480,480
9384,05/05/2022 15:50:00,1.0,480,480
9385,05/05/2022 16:00:00,1.0,480,480
9386,05/05/2022 16:10:00,1.0,481,480
9387,05/05/2022 16:20:00,1.0,491,484
9388,05/05/2022 16:30:00,1.0,512,501
9389,05/05/2022 16:40:00,1.0,534,523
9390,05/05/2022 16:50:00,1.0,554,544
9391,05/05/2022 17:00:00,1.0,567,561
9392,05/05/2022 17:10:00,1.0,578,572
9393,05/05/2022 17:20:00,1.0,589,583
9394,05/05/2022 17:30:00,1.0,601,595
9395,05/05/2022 17:40:00,1.0,613,609
9396,05/05/2022 17:50:00,1.0,613,613
9397,05/05/2022 18:00:00,1.0,613,613
9398,05/05/2022 18:10:00,1.0,613,613
9399,05/05/2022 18:20:00,1.0,613,613
9400,05/05/2022 18:30:00,1.0,613,613
9401,05/05/2022 18:40:00,1.0,613,613
9402,05/05/2022 18:50:00,1.0,613,613
9403,05/05/2022 19:00:00,1.0,613,613
9404,05/05/2022 19:10:00,1.0,613,613
9405,05/05/2022 19:20:00,1.0,613,613
9406,05/05/2022 19:30:00,1.0,613,613
9407,05/05/2022 19:40:00,1.0,613,613
9408,05/05/2022 19:50:00,1.0,613,613
9409,05/05/2022 20:00:00,1.0,613,613
9410,05/05/2022 20:10:00,1.0,613,613
9411,05/05/2022 20:20:00,1.0,613,613
9412,05/05/2022 20:30:00,1.0,613,613
9413,05/05/2022 20:40:00,1.0,613,613
9414,05/05/2022 20:50:00,1.0,613,613
9415,05/05/2022 21:00:00,1.0,613,613
9416,05/05/2022 21:10:00,1.0,613,613
9417,05/05/2022 21:20:00,1.0,613,613
9418,05/05/2022 21:30:00,1.0,613,613
9419,05/05/2022 21:40:00,1.0,613,613
9420,05/05/2022 21:50:00,1.0,613,613
9421,05/05/2022 22:00:00,1.0,613,613
9422,05/05/2022 22:10:00,1.0,613,613
9423,05/05/2022 22:20:00,1.0,613,613
9424,05/05/2022 22:30:00,1.0,613,613
9425,05/05/2022 22:40:00,1.0,613,613
9426,05/05/2022 22:50:00,1.0,613,613
9427,05/05/2022 23:00:00,1.0,613,613
9428,05/05/2022 23:10:00,1.0,613,613
9429,05/05/2022 23:20:00,1.0,613,613
9430,05/05/2022 23:30:00,1.0,613,613
9431,05/05/2022 23:40:00,1.0,613,613
9432,05/05/2022 23:50:00,1.0,613,613
9433,06/05/2022 00:00:00,1.0,613,613
9434,06/05/2022 00:10:00,1.0,613,613
9435,06/05/2022 00:20:00,1.0,613,613
9436,06/05/2022 00:30:00,1.0,613,613
9437,06/05/2022 00:40:00,1.0,613,613
9438,06/05/2022 00:50:00,1.0,613,613
9439,06/05/2022 01:00:00,1.0,613,613
9440,06/05/2022 01:10:00,1.0,613,613
9441,06/05/2022 01:20:00,1.0,613,613
9442,06/05/2022 01:30:00,1.0,611,613
9443,06/05/2022 01:40:00,1.0,610,610
9444,06/05/2022 01:50:00,1.0,606,608
9445,06/05/2022 02:00:00,1.0,603,605
9446,06/05/2022 02:10:00,1.0,601,602
9447,06/05/2022 02:20:00,1.0,598,600
9448,06/05/2022 02:30:00,1.0,597,598
9449,06/05/2022 02:40:00,1.0,595,596
9450,06/05/2022 02:50:00,1.0,593,594
9451,06/05/2022 03:00:00,1.0,592,592
9452,06/05/2022 03:10:00,1.0,590,591
9453,06/05/2022 03:20:00,1.0,588,589
9454,06/05/2022 03:30:00,1.0,587,588
9455,06/05/2022 03:40:00,1.0,586,586
9456,06/05/2022 03:50:00,1.0,584,585
9457,06/05/2022 04:00:00,1.0,582,583
9458,06/05/2022 04:10:00,1.0,581,581
9459,06/05/2022 04:20:00,1.0,579,580
9460,06/05/2022 04:30:00,1.0,577,578
9461,06/05/2022 04:40:00,1.0,576,577
9462,06/05/2022 04:50:00,1.0,574,575
9463,06/05/2022 05:00:00,1.0,572,573
9464,06/05/2022 05:10:00,1.0,571,572
9465,06/05/2022 05:20:00,1.0,570,570
9466,06/05/2022 05:30:00,1.0,568,569
9467,06/05/2022 05:40:00,1.0,567,567
9468,06/05/2022 05:50:00,1.0,565,566
9469,06/05/2022 06:00:00,1.0,564,565
9470,06/05/2022 06:10:00,1.0,563,564
9471,06/05/2022 06:20:00,1.0,561,562
9472,06/05/2022 06:30:00,1.0,560,561
9473,06/05/2022 06:40:00,1.0,559,559
9474,06/05/2022 06:50:00,1.0,557,558
9475,06/05/2022 07:00:00,1.0,556,556
9476,06/05/2022 07:10:00,1.0,554,555
9477,06/05/2022 07:20:00,1.0,552,553
9478,06/05/2022 07:30:00,1.0,550,551
9479,06/05/2022 07:40:00,1.0,549,550
9480,06/05/2022 07:50:00,1.0,547,548
9481,06/05/2022 08:00:00,1.0,545,546
9482,06/05/2022 08:10:00,1.0,543,544
9483,06/05/2022 08:20:00,1.0,542,543
9484,06/05/2022 08:30:00,1.0,540,541
9485,06/05/2022 08:40:00,1.0,539,539
9486,06/05/2022 08:50:00,1.0,537,538
9487,06/05/2022 09:00:00,1.0,535,536
9488,06/05/2022 09:10:00,1.0,534,535
9489,06/05/2022 09:20:00,1.0,532,533
9490,06/05/2022 09:30:00,1.0,531,531
9491,06/05/2022 09:40:00,1.0,529,530
9492,06/05/2022 09:50:00,1.0,527,528
9493,06/05/2022 10:00:00,1.0,526,527
9494,06/05/2022 10:10:00,1.0,525,525
9495,06/05/2022 10:20:00,1.0,523,524
9496,06/05/2022 10:30:00,1.0,521,522
9497,06/05/2022 10:40:00,1.0,520,521
9498,06/05/2022 10:50:00,1.0,519,519
9499,06/05/2022 11:00:00,1.0,517,518
9500,06/05/2022 11:10:00,1.0,516,517
9501,06/05/2022 11:20:00,1.0,515,515
9502,06/05/2022 11:30:00,1.0,514,514
9503,06/05/2022 11:40:00,1.0,512,513
9504,06/05/2022 11:50:00,1.0,511,512
9505,06/05/2022 12:00:00,1.0,511,511
9506,06/05/2022 12:10:00,1.0,509,510
9507,06/05/2022 12:20:00,1.0,511,509
9508,06/05/2022 12:30:00,1.0,534,521
9509,06/05/2022 12:40:00,1.0,566,551
9510,06/05/2022 12:50:00,1.0,601,583
9511,06/05/2022 13:00:00,1.0,613,612
9512,06/05/2022 13:10:00,1.0,613,613
9513,06/05/2022 13:20:00,1.0,613,613
9514,06/05/2022 13:30:00,1.0,613,613
9515,06/05/2022 13:40:00,1.0,613,613
9516,06/05/2022 13:50:00,1.0,613,613
9517,06/05/2022 14:00:00,1.0,613,613
9518,06/05/2022 14:10:00,1.0,613,613
9519,06/05/2022 14:20:00,1.0,613,613
9520,06/05/2022 14:30:00,1.0,613,613
9521,06/05/2022 14:40:00,1.0,613,613
9522,06/05/2022 14:50:00,1.0,613,613
9523,06/05/2022 15:00:00,1.0,613,613
9524,06/05/2022 15:10:00,1.0,613,613
9525,06/05/2022 15:20:00,1.0,613,613
9526,06/05/2022 15:30:00,1.0,613,613
9527,06/05/2022 15:40:00,1.0,613,613
9528,06/05/2022 15:50:00,1.0,613,613
9529,06/05/2022 16:00:00,1.0,613,613
9530,06/05/2022 16:10:00,1.0,613,613
9531,06/05/2022 16:20:00,1.0,613,613
9532,06/05/2022 16:30:00,1.0,613,613
9533,06/05/2022 16:40:00,1.0,613,613
9534,06/05/2022 16:50:00,1.0,613,613
9535,06/05/2022 17:00:00,1.0,613,613
9536,06/05/2022 17:10:00,1.0,613,613
9537,06/05/2022 17:20:00,1.0,613,613
9538,06/05/2022 17:30:00,1.0,613,613
9539,06/05/2022 17:40:00,1.0,613,613
9540,06/05/2022 17:50:00,1.0,613,613
9541,06/05/2022 18:00:00,1.0,613,613
9542,06/05/2022 18:10:00,1.0,613,613
9543,06/05/2022 18:20:00,1.0,613,613
9544,06/05/2022 18:30:00,1.0,613,613
9545,06/05/2022 18:40:00,1.0,613,613
9546,06/05/2022 18:50:00,1.0,613,613
9547,06/05/2022 19:00:00,1.0,613,613
9548,06/05/2022 19:10:00,1.0,613,613
9549,06/05/2022 19:20:00,1.0,613,613
9550,06/05/2022 19:30:00,1.0,613,613
9551,06/05/2022 19:40:00,1.0,613,613
9552,06/05/2022 19:50:00,1.0,613,613
9553,06/05/2022 20:00:00,1.0,613,613
9554,06/05/2022 20:10:00,1.0,613,613
9555,06/05/2022 20:20:00,1.0,613,613
9556,06/05/2022 20:30:00,1.0,613,613
9557,06/05/2022 20:40:00,1.0,613,613
9558,06/05/2022 20:50:00,1.0,613,613
9559,06/05/2022 21:00:00,1.0,613,613
9560,06/05/2022 21:10:00,1.0,613,613
9561,06/05/2022 21:20:00,1.0,613,613
9562,06/05/2022 21:30:00,1.0,613,613
9563,06/05/2022 21:40:00,1.0,613,613
9564,06/05/2022 21:50:00,1.0,613,613
9565,06/05/2022 22:00:00,1.0,613,613
9566,06/05/2022 22:10:00,1.0,611,613
9567,06/05/2022 22:20:00,1.0,607,609
9568,06/05/2022 22:30:00,1.0,603,605
9569,06/05/2022 22:40:00,1.0,599,601
9570,06/05/2022 22:50:00,1.0,596,597
9571,06/05/2022 23:00:00,1.0,593,595
9572,06/05/2022 23:10:00,1.0,591,592
9573,06/05/2022 23:20:00,1.0,588,590
9574,06/05/2022 23:30:00,1.0,586,588
9575,06/05/2022 23:40:00,1.0,584,585
9576,06/05/2022 23:50:00,1.0,581,583
9577,07/05/2022 00:00:00,1.0,579,580
9578,07/05/2022 00:10:00,1.0,576,578
9579,07/05/2022 00:20:00,1.0,574,575
9580,07/05/2022 00:30:00,1.0,572,573
9581,07/05/2022 00:40:00,1.0,570,570
9582,07/05/2022 00:50:00,1.0,567,568
9583,07/05/2022 01:00:00,1.0,565,566
9584,07/05/2022 01:10:00,1.0,563,564
9585,07/05/2022 01:20:00,1.0,561,562
9586,07/05/2022 01:30:00,1.0,559,560
9587,07/05/2022 01:40:00,1.0,557,558
9588,07/05/2022 01:50:00,1.0,555,556
9589,07/05/2022 02:00:00,1.0,552,553
9590,07/05/2022 02:10:00,1.0,550,551
9591,07/05/2022 02:20:00,1.0,547,548
9592,07/05/2022 02:30:00,1.0,545,546
9593,07/05/2022 02:40:00,1.0,543,544
9594,07/05/2022 02:50:00,1.0,541,542
9595,07/05/2022 03:00:00,1.0,539,540
9596,07/05/2022 03:10:00,1.0,538,539
9597,07/05/2022 03:20:00,1.0,536,537
9598,07/05/2022 03:30:00,1.0,534,535
9599,07/05/2022 03:40:00,1.0,532,533
9600,07/05/2022 03:50:00,1.0,531,532
9601,07/05/2022 04:00:00,1.0,529,530
9602,07/05/2022 04:10:00,1.0,527,528
9603,07/05/2022 04:20:00,1.0,526,527
9604,07/05/2022 04:30:00,1.0,525,525
9605,07/05/2022 04:40:00,1.0,523,524
9606,07/05/2022 04:50:00,1.0,521,522
9607,07/05/2022 05:00:00,1.0,520,521
9608,07/05/2022 05:10:00,1.0,519,519
9609,07/05/2022 05:20:00,1.0,517,518
9610,07/05/2022 05:30:00,1.0,516,516
9611,07/05/2022 05:40:00,1.0,515,515
9612,07/05/2022 05:50:00,1.0,514,514
9613,07/05/2022 06:00:00,1.0,513,513
9614,07/05/2022 06:10:00,1.0,512,512
9615,07/05/2022 06:20:00,1.0,511,511
9616,07/05/2022 06:30:00,1.0,510,510
9617,07/05/2022 06:40:00,1.0,509,509
9618,07/05/2022 06:50:00,1.0,507,508
9619,07/05/2022 07:00:00,1.0,506,507
9620,07/05/2022 07:10:00,1.0,505,506
9621,07/05/2022 07:20:00,1.0,504,505
9622,07/05/2022 07:30:00,1.0,503,504
9623,07/05/2022 07:40:00,1.0,502,503
9624,07/05/2022 07:50:00,1.0,502,502
9625,07/05/2022 08:00:00,1.0,500,501
9626,07/05/2022 08:10:00,1.0,499,500
9627,07/05/2022 08:20:00,1.0,498,499
9628,07/05/2022 08:30:00,1.0,497,498
9629,07/05/2022 08:40:00,1.0,497,497
9630,07/05/2022 08:50:00,1.0,496,496
9631,07/05/2022 09:00:00,1.0,495,495
9632,07/05/2022 09:10:00,1.0,494,494
9633,07/05/2022 09:20:00,1.0,493,494
9634,07/05/2022 09:30:00,1.0,492,493
9635,07/05/2022 09:40:00,1.0,491,492
9636,07/05/2022 09:50:00,1.0,491,491
9637,07/05/2022 10:00:00,1.0,491,491
9638,07/05/2022 10:10:00,1.0,491,491
9639,07/05/2022 10:20:00,1.0,492,491
9640,07/05/2022 10:30:00,1.0,492,492
9641,07/05/2022 10:40:00,1.0,492,492
9642,07/05/2022 10:50:00,1.0,492,492
9643,07/05/2022 11:00:00,1.0,492,492
9644,07/05/2022 11:10:00,1.0,492,492
9645,07/05/2022 11:20:00,1.0,492,492
9646,07/05/2022 11:30:00,1.0,492,492
9647,07/05/2022 11:40:00,1.0,492,492
9648,07/05/2022 11:50:00,1.0,493,492
9649,07/05/2022 12:00:00,1.0,494,493
9650,07/05/2022 12:10:00,1.0,502,497
9651,07/05/2022 12:20:00,1.0,516,509
9652,07/05/2022 12:30:00,1.0,535,525
9653,07/05/2022 12:40:00,1.0,563,548
9654,07/05/2022 12:50:00,1.0,613,589
9655,07/05/2022 13:00:00,1.0,613,613
9656,07/05/2022 13:10:00,1.0,613,613
9657,07/05/2022 13:20:00,1.0,613,613
9658,07/05/2022 13:30:00,1.0,613,613
9659,07/05/2022 13:40:00,1.0,613,613
9660,07/05/2022 13:50:00,1.0,613,613
9661,07/05/2022 14:00:00,1.0,613,613
9662,07/05/2022 14:10:00,1.0,613,613
9663,07/05/2022 14:20:00,1.0,613,613
9664,07/05/2022 14:30:00,1.0,613,613
9665,07/05/2022 14:40:00,1.0,613,613
9666,07/05/2022 14:50:00,1.0,613,613
9667,07/05/2022 15:00:00,1.0,613,613
9668,07/05/2022 15:10:00,1.0,613,613
9669,07/05/2022 15:20:00,1.0,613,613
9670,07/05/2022 15:30:00,1.0,613,613
9671,07/05/2022 15:40:00,1.0,613,613
9672,07/05/2022 15:50:00,1.0,613,613
9673,07/05/2022 16:00:00,1.0,613,613
9674,07/05/2022 16:10:00,1.0,613,613
9675,07/05/2022 16:20:00,1.0,613,613
9676,07/05/2022 16:30:00,1.0,613,613
9677,07/05/2022 16:40:00,1.0,613,613
9678,07/05/2022 16:50:00,1.0,613,613
9679,07/05/2022 17:00:00,1.0,613,613
9680,07/05/2022 17:10:00,1.0,613,613
9681,07/05/2022 17:20:00,1.0,613,613
9682,07/05/2022 17:30:00,1.0,613,613
9683,07/05/2022 17:40:00,1.0,613,613
9684,07/05/2022 17:50:00,1.0,613,613
9685,07/05/2022 18:00:00,1.0,613,613
9686,07/05/2022 18:10:00,1.0,613,613
9687,07/05/2022 18:20:00,1.0,613,613
9688,07/05/2022 18:30:00,1.0,613,613
9689,07/05/2022 18:40:00,1.0,613,613
9690,07/05/2022 18:50:00,1.0,613,613
9691,07/05/2022 19:00:00,1.0,613,613
9692,07/05/2022 19:10:00,1.0,613,613
9693,07/05/2022 19:20:00,1.0,613,613
9694,07/05/2022 19:30:00,1.0,613,613
9695,07/05/2022 19:40:00,1.0,613,613
9696,07/05/2022 19:50:00,1.0,613,613
9697,07/05/2022 20:00:00,1.0,613,613
9698,07/05/2022 20:10:00,1.0,613,613
9699,07/05/2022 20:20:00,1.0,613,613
9700,07/05/2022 20:30:00,1.0,613,613
9701,07/05/2022 20:40:00,1.0,613,613
9702,07/05/2022 20:50:00,1.0,613,613
9703,07/05/2022 21:00:00,1.0,613,613
9704,07/05/2022 21:10:00,1.0,613,613
9705,07/05/2022 21:20:00,1.0,613,613
9706,07/05/2022 21:30:00,1.0,613,613
9707,07/05/2022 21:40:00,1.0,613,613
9708,07/05/2022 21:50:00,1.0,613,613
9709,07/05/2022 22:00:00,1.0,613,613
9710,07/05/2022 22:10:00,1.0,613,613
9711,07/05/2022 22:20:00,1.0,613,613
9712,07/05/2022 22:30:00,1.0,613,613
9713,07/05/2022 22:40:00,1.0,613,613
9714,07/05/2022 22:50:00,1.0,613,613
9715,07/05/2022 23:00:00,1.0,613,613
9716,07/05/2022 23:10:00,1.0,613,613
9717,07/05/2022 23:20:00,1.0,613,613
9718,07/05/2022 23:30:00,1.0,613,613
9719,07/05/2022 23:40:00,1.0,613,613
9720,07/05/2022 23:50:00,1.0,613,613
9721,08/05/2022 00:00:00,1.0,613,613
9722,08/05/2022 00:10:00,1.0,613,613
9723,08/05/2022 00:20:00,1.0,613,613
9724,08/05/2022 00:30:00,1.0,613,613
9725,08/05/2022 00:40:00,1.0,613,613
9726,08/05/2022 00:50:00,1.0,613,613
9727,08/05/2022 01:00:00,1.0,613,613
9728,08/05/2022 01:10:00,1.0,613,613
9729,08/05/2022 01:20:00,1.0,613,613
9730,08/05/2022 01:30:00,1.0,613,613
9731,08/05/2022 01:40:00,1.0,611,612
9732,08/05/2022 01:50:00,1.0,609,610
9733,08/05/2022 02:00:00,1.0,607,608
9734,08/05/2022 02:10:00,1.0,605,606
9735,08/05/2022 02:20:00,1.0,603,604
9736,08/05/2022 02:30:00,1.0,602,602
9737,08/05/2022 02:40:00,1.0,600,601
9738,08/05/2022 02:50:00,1.0,599,599
9739,08/05/2022 03:00:00,1.0,597,598
9740,08/05/2022 03:10:00,1.0,596,597
9741,08/05/2022 03:20:00,1.0,595,596
9742,08/05/2022 03:30:00,1.0,594,595
9743,08/05/2022 03:40:00,1.0,593,594
9744,08/05/2022 03:50:00,1.0,592,592
9745,08/05/2022 04:00:00,1.0,591,591
9746,08/05/2022 04:10:00,1.0,590,591
9747,08/05/2022 04:20:00,1.0,589,590
9748,08/05/2022 04:30:00,1.0,588,589
9749,08/05/2022 04:40:00,1.0,588,588
9750,08/05/2022 04:50:00,1.0,587,587
9751,08/05/2022 05:00:00,1.0,586,586
9752,08/05/2022 05:10:00,1.0,585,585
9753,08/05/2022 05:20:00,1.0,584,584
9754,08/05/2022 05:30:00,1.0,583,583
9755,08/05/2022 05:40:00,1.0,582,582
9756,08/05/2022 05:50:00,1.0,581,581
9757,08/05/2022 06:00:00,1.0,580,580
9758,08/05/2022 06:10:00,1.0,579,579
9759,08/05/2022 06:20:00,1.0,578,578
9760,08/05/2022 06:30:00,1.0,577,577
9761,08/05/2022 06:40:00,1.0,576,576
9762,08/05/2022 06:50:00,1.0,575,575
9763,08/05/2022 07:00:00,1.0,574,574
9764,08/05/2022 07:10:00,1.0,573,574
9765,08/05/2022 07:20:00,1.0,572,573
9766,08/05/2022 07:30:00,1.0,571,572
9767,08/05/2022 07:40:00,1.0,571,571
9768,08/05/2022 07:50:00,1.0,570,570
9769,08/05/2022 08:00:00,1.0,569,569
9770,08/05/2022 08:10:00,1.0,568,569
9771,08/05/2022 08:20:00,1.0,568,568
9772,08/05/2022 08:30:00,1.0,567,567
9773,08/05/2022 08:40:00,1.0,566,566
9774,08/05/2022 08:50:00,1.0,565,566
9775,08/05/2022 09:00:00,1.0,565,565
9776,08/05/2022 09:10:00,1.0,564,564
9777,08/05/2022 09:20:00,1.0,564,564
9778,08/05/2022 09:30:00,1.0,563,564
9779,08/05/2022 09:40:00,1.0,563,563
9780,08/05/2022 09:50:00,1.0,563,563
9781,08/05/2022 10:00:00,1.0,563,563
9782,08/05/2022 10:10:00,1.0,563,563
9783,08/05/2022 10:20:00,1.0,565,564
9784,08/05/2022 10:30:00,1.0,567,566
9785,08/05/2022 10:40:00,1.0,569,568
9786,08/05/2022 10:50:00,1.0,571,570
9787,08/05/2022 11:00:00,1.0,572,572
9788,08/05/2022 11:10:00,1.0,574,573
9789,08/05/2022 11:20:00,1.0,576,575
9790,08/05/2022 11:30:00,1.0,578,577
9791,08/05/2022 11:40:00,1.0,580,579
9792,08/05/2022 11:50:00,1.0,583,582
9793,08/05/2022 12:00:00,1.0,586,584
9794,08/05/2022 12:10:00,1.0,591,588
9795,08/05/2022 12:20:00,1.0,603,596
9796,08/05/2022 12:30:00,1.0,613,611
9797,08/05/2022 12:40:00,1.0,613,613
9798,08/05/2022 12:50:00,1.0,613,613
9799,08/05/2022 13:00:00,1.0,613,613
9800,08/05/2022 13:10:00,1.0,613,613
9801,08/05/2022 13:20:00,1.0,613,613
9802,08/05/2022 13:30:00,1.0,613,613
9803,08/05/2022 13:40:00,1.0,613,613
9804,08/05/2022 13:50:00,1.0,613,613
9805,08/05/2022 14:00:00,1.0,613,613
9806,08/05/2022 14:10:00,1.0,613,613
9807,08/05/2022 14:20:00,1.0,613,613
9808,08/05/2022 14:30:00,1.0,613,613
9809,08/05/2022 14:40:00,1.0,613,613
9810,08/05/2022 14:50:00,1.0,613,613
9811,08/05/2022 15:00:00,1.0,613,613
9812,08/05/2022 15:10:00,1.1,613,613
9813,08/05/2022 15:20:00,1.1,613,613
9814,08/05/2022 15:30:00,1.1,613,613
9815,08/05/2022 15:40:00,1.1,613,613
9816,08/05/2022 15:50:00,1.1,613,613
9817,08/05/2022 16:00:00,1.1,613,613
9818,08/05/2022 16:10:00,1.1,613,613
9819,08/05/2022 16:20:00,1.1,613,613
9820,08/05/2022 16:30:00,1.1,613,613
9821,08/05/2022 16:40:00,1.1,613,613
9822,08/05/2022 16:50:00,1.1,613,613
9823,08/05/2022 17:00:00,1.1,613,613
9824,08/05/2022 17:10:00,1.1,613,613
9825,08/05/2022 17:20:00,1.1,613,613
9826,08/05/2022 17:30:00,1.1,613,613
9827,08/05/2022 17:40:00,1.1,613,613
9828,08/05/2022 17:50:00,1.1,613,613
9829,08/05/2022 18:00:00,1.1,613,613
9830,08/05/2022 18:10:00,1.1,613,613
9831,08/05/2022 18:20:00,1.1,613,613
9832,08/05/2022 18:30:00,1.1,613,613
9833,08/05/2022 18:40:00,1.1,613,613
9834,08/05/2022 18:50:00,1.1,613,613
9835,08/05/2022 19:00:00,1.1,613,613
9836,08/05/2022 19:10:00,1.1,613,613
9837,08/05/2022 19:20:00,1.1,613,613
9838,08/05/2022 19:30:00,1.1,613,613
9839,08/05/2022 19:40:00,1.1,613,613
9840,08/05/2022 19:50:00,1.1,613,613
9841,08/05/2022 20:00:00,1.1,613,613
9842,08/05/2022 20:10:00,1.1,613,613
9843,08/05/2022 20:20:00,1.1,613,613
9844,08/05/2022 20:30:00,1.1,613,613
9845,08/05/2022 20:40:00,1.1,613,613
9846,08/05/2022 20:50:00,1.1,613,613
9847,08/05/2022 21:00:00,1.1,613,613
9848,08/05/2022 21:10:00,1.1,613,613
9849,08/05/2022 21:20:00,1.1,613,613
9850,08/05/2022 21:30:00,1.1,613,613
9851,08/05/2022 21:40:00,1.1,613,613
9852,08/05/2022 21:50:00,1.1,613,613
9853,08/05/2022 22:00:00,1.1,613,613
9854,08/05/2022 22:10:00,1.1,613,613
9855,08/05/2022 22:20:00,1.1,613,613
9856,08/05/2022 22:30:00,1.1,613,613
9857,08/05/2022 22:40:00,1.1,613,613
9858,08/05/2022 22:50:00,1.1,614,614
9859,08/05/2022 23:00:00,1.1,614,614
9860,08/05/2022 23:10:00,1.1,614,614
9861,08/05/2022 23:20:00,1.1,614,614
9862,08/05/2022 23:30:00,1.1,614,614
9863,08/05/2022 23:40:00,1.1,614,614
9864,08/05/2022 23:50:00,1.1,614,614
9865,09/05/2022 00:00:00,1.1,614,614
9866,09/05/2022 00:10:00,1.1,614,614
9867,09/05/2022 00:20:00,1.1,614,614
9868,09/05/2022 00:30:00,1.1,614,614
9869,09/05/2022 00:40:00,1.1,614,614
9870,09/05/2022 00:50:00,1.1,614,614
9871,09/05/2022 01:00:00,1.2,614,614
9872,09/05/2022 01:10:00,1.2,614,614
9873,09/05/2022 01:20:00,1.2,614,614
9874,09/05/2022 01:30:00,1.2,614,614
9875,09/05/2022 01:40:00,1.2,614,614
9876,09/05/2022 01:50:00,1.2,614,614
9877,09/05/2022 02:00:00,1.2,614,614
9878,09/05/2022 02:10:00,1.2,614,614
9879,09/05/2022 02:20:00,1.2,614,614
9880,09/05/2022 02:30:00,1.2,614,614
9881,09/05/2022 02:40:00,1.2,614,614
9882,09/05/2022 02:50:00,1.2,614,614
9883,09/05/2022 03:00:00,1.2,614,614
9884,09/05/2022 03:10:00,1.2,614,614
9885,09/05/2022 03:20:00,1.2,614,614
9886,09/05/2022 03:30:00,1.2,614,614
9887,09/05/2022 03:40:00,1.2,614,614
9888,09/05/2022 03:50:00,1.2,614,614
9889,09/05/2022 04:00:00,1.2,614,614
9890,09/05/2022 04:10:00,1.2,614,614
9891,09/05/2022 04:20:00,1.2,614,614
9892,09/05/2022 04:30:00,1.2,614,614
9893,09/05/2022 04:40:00,1.2,614,614
9894,09/05/2022 04:50:00,1.2,614,614
9895,09/05/2022 05:00:00,1.2,614,614
9896,09/05/2022 05:10:00,1.2,614,614
9897,09/05/2022 05:20:00,1.2,614,614
9898,09/05/2022 05:30:00,1.2,611,613
9899,09/05/2022 05:40:00,1.2,610,611
9900,09/05/2022 05:50:00,1.2,608,609
9901,09/05/2022 06:00:00,1.2,607,607
9902,09/05/2022 06:10:00,1.2,606,606
9903,09/05/2022 06:20:00,1.2,604,605
9904,09/05/2022 06:30:00,1.2,603,604
9905,09/05/2022 06:40:00,1.2,602,603
9906,09/05/2022 06:50:00,1.3,600,601
9907,09/05/2022 07:00:00,1.3,599,600
9908,09/05/2022 07:10:00,1.3,598,599
9909,09/05/2022 07:20:00,1.3,597,597
9910,09/05/2022 07:30:00,1.3,596,596
9911,09/05/2022 07:40:00,1.3,595,595
9912,09/05/2022 07:50:00,1.3,594,594
9913,09/05/2022 08:00:00,1.3,593,593
9914,09/05/2022 08:10:00,1.3,592,593
9915,09/05/2022 08:20:00,1.3,591,592
9916,09/05/2022 08:30:00,1.3,590,591
9917,09/05/2022 08:40:00,1.3,590,590
9918,09/05/2022 08:50:00,1.3,589,589
9919,09/05/2022 09:00:00,1.3,588,589
9920,09/05/2022 09:10:00,1.3,587,588
9921,09/05/2022 09:20:00,1.3,587,587
9922,09/05/2022 09:30:00,1.3,586,586
9923,09/05/2022 09:40:00,1.3,585,585
9924,09/05/2022 09:50:00,1.3,584,584
9925,09/05/2022 10:00:00,1.3,583,583
9926,09/05/2022 10:10:00,1.3,582,583
9927,09/05/2022 10:20:00,1.3,582,582
9928,09/05/2022 10:30:00,1.3,581,581
9929,09/05/2022 10:40:00,1.3,581,581
9930,09/05/2022 10:50:00,1.3,581,581
9931,09/05/2022 11:00:00,1.3,580,581
9932,09/05/2022 11:10:00,1.3,580,580
9933,09/05/2022 11:20:00,1.3,580,580
9934,09/05/2022 11:30:00,1.3,580,580
9935,09/05/2022 11:40:00,1.3,580,580
9936,09/05/2022 11:50:00,1.3,580,580
9937,09/05/2022 12:00:00,1.3,580,580
9938,09/05/2022 12:10:00,1.3,581,580
9939,09/05/2022 12:20:00,1.3,582,581
9940,09/05/2022 12:30:00,1.3,598,588
9941,09/05/2022 12:40:00,1.3,615,612
9942,09/05/2022 12:50:00,1.3,615,615
9943,09/05/2022 13:00:00,1.3,615,615
9944,09/05/2022 13:10:00,1.4,615,615
9945,09/05/2022 13:20:00,1.4,615,615
9946,09/05/2022 13:30:00,1.4,615,615
9947,09/05/2022 13:40:00,1.4,615,615
9948,09/05/2022 13:50:00,1.4,615,615
9949,09/05/2022 14:00:00,1.4,615,615
9950,09/05/2022 14:10:00,1.4,615,615
9951,09/05/2022 14:20:00,1.4,615,615
9952,09/05/2022 14:30:00,1.4,615,615
9953,09/05/2022 14:40:00,1.4,615,615
9954,09/05/2022 14:50:00,1.4,614,614
9955,09/05/2022 15:00:00,1.4,614,614
9956,09/05/2022 15:10:00,1.4,614,614
9957,09/05/2022 15:20:00,1.4,614,614
9958,09/05/2022 15:30:00,1.4,614,614
9959,09/05/2022 15:40:00,1.4,614,614
9960,09/05/2022 15:50:00,1.4,614,614
9961,09/05/2022 16:00:00,1.4,614,614
9962,09/05/2022 16:10:00,1.4,614,614
9963,09/05/2022 16:20:00,1.4,614,614
9964,09/05/2022 16:30:00,1.4,614,615
9965,09/05/2022 16:40:00,1.4,615,615
9966,09/05/2022 16:50:00,1.4,615,615
9967,09/05/2022 17:00:00,1.4,615,615
9968,09/05/2022 17:10:00,1.4,615,615
9969,09/05/2022 17:20:00,1.4,615,615
9970,09/05/2022 17:30:00,1.5,615,615
9971,09/05/2022 17:40:00,1.5,615,615
9972,09/05/2022 17:50:00,1.5,615,615
9973,09/05/2022 18:00:00,1.5,615,615
9974,09/05/2022 18:10:00,1.5,615,615
9975,09/05/2022 18:20:00,1.5,615,615
9976,09/05/2022 18:30:00,1.5,615,615
9977,09/05/2022 18:40:00,1.5,615,615
9978,09/05/2022 18:50:00,1.5,615,615
9979,09/05/2022 19:00:00,1.5,615,615
9980,09/05/2022 19:10:00,1.5,615,615
9981,09/05/2022 19:20:00,1.5,615,615
9982,09/05/2022 19:30:00,1.5,615,615
9983,09/05/2022 19:40:00,1.5,615,615
9984,09/05/2022 19:50:00,1.5,615,615
9985,09/05/2022 20:00:00,1.5,615,615
9986,09/05/2022 20:10:00,1.5,615,615
9987,09/05/2022 20:20:00,1.5,615,615
9988,09/05/2022 20:30:00,1.5,615,615
9989,09/05/2022 20:40:00,1.5,615,615
9990,09/05/2022 20:50:00,1.5,615,615
9991,09/05/2022 21:00:00,1.5,615,615
9992,09/05/2022 21:10:00,1.5,615,615
9993,09/05/2022 21:20:00,1.5,615,615
9994,09/05/2022 21:30:00,1.5,615,615
9995,09/05/2022 21:40:00,1.5,615,615
9996,09/05/2022 21:50:00,1.5,615,615
9997,09/05/2022 22:00:00,1.5,615,615
9998,09/05/2022 22:10:00,1.5,615,615
9999,09/05/2022 22:20:00,1.5,615,615
10000,09/05/2022 22:30:00,1.5,615,615
10001,09/05/2022 22:40:00,1.5,615,615
10002,09/05/2022 22:50:00,1.5,615,615
10003,09/05/2022 23:00:00,1.5,615,615
10004,09/05/2022 23:10:00,1.5,615,615
10005,09/05/2022 23:20:00,1.5,615,615
10006,09/05/2022 23:30:00,1.5,615,615
10007,09/05/2022 23:40:00,1.5,615,615
10008,09/05/2022 23:50:00,1.5,615,615
10009,10/05/2022 00:00:00,1.5,615,615
10010,10/05/2022 00:10:00,1.5,615,615
10011,10/05/2022 00:20:00,1.5,615,615
10012,10/05/2022 00:30:00,1.5,615,615
10013,10/05/2022 00:40:00,1.6,615,615
10014,10/05/2022 00:50:00,1.6,615,615
10015,10/05/2022 01:00:00,1.6,615,615
10016,10/05/2022 01:10:00,1.6,615,615
10017,10/05/2022 01:20:00,1.6,615,615
10018,10/05/2022 01:30:00,1.6,615,615
10019,10/05/2022 01:40:00,1.6,615,615
10020,10/05/2022 01:50:00,1.6,615,615
10021,10/05/2022 02:00:00,1.6,615,615
10022,10/05/2022 02:10:00,1.6,615,615
10023,10/05/2022 02:20:00,1.6,615,615
10024,10/05/2022 02:30:00,1.6,615,615
10025,10/05/2022 02:40:00,1.6,615,615
10026,10/05/2022 02:50:00,1.6,615,615
10027,10/05/2022 03:00:00,1.6,615,615
10028,10/05/2022 03:10:00,1.6,615,615
10029,10/05/2022 03:20:00,1.6,615,615
10030,10/05/2022 03:30:00,1.6,615,615
10031,10/05/2022 03:40:00,1.6,615,615
10032,10/05/2022 03:50:00,1.6,615,615
10033,10/05/2022 04:00:00,1.6,615,615
10034,10/05/2022 04:10:00,1.6,612,612
10035,10/05/2022 04:20:00,1.6,610,611
10036,10/05/2022 04:30:00,1.6,608,609
10037,10/05/2022 04:40:00,1.6,606,607
10038,10/05/2022 04:50:00,1.6,605,606
10039,10/05/2022 05:00:00,1.7,604,605
10040,10/05/2022 05:10:00,1.7,603,603
10041,10/05/2022 05:20:00,1.7,601,602
10042,10/05/2022 05:30:00,1.7,600,600
10043,10/05/2022 05:40:00,1.7,599,599
10044,10/05/2022 05:50:00,1.7,597,598
10045,10/05/2022 06:00:00,1.7,596,597
10046,10/05/2022 06:10:00,1.7,595,595
10047,10/05/2022 06:20:00,1.7,594,594
10048,10/05/2022 06:30:00,1.7,593,593
10049,10/05/2022 06:40:00,1.7,592,592
10050,10/05/2022 06:50:00,1.7,591,592
10051,10/05/2022 07:00:00,1.7,590,591
10052,10/05/2022 07:10:00,1.7,589,590
10053,10/05/2022 07:20:00,1.7,588,589
10054,10/05/2022 07:30:00,1.7,588,588
10055,10/05/2022 07:40:00,1.7,587,587
10056,10/05/2022 07:50:00,1.7,586,586
10057,10/05/2022 08:00:00,1.7,585,585
10058,10/05/2022 08:10:00,1.7,584,584
10059,10/05/2022 08:20:00,1.7,583,583
10060,10/05/2022 08:30:00,1.7,581,582
10061,10/05/2022 08:40:00,1.8,580,581
10062,10/05/2022 08:50:00,1.8,580,580
10063,10/05/2022 09:00:00,1.8,579,579
10064,10/05/2022 09:10:00,1.8,578,578
10065,10/05/2022 09:20:00,1.8,577,577
10066,10/05/2022 09:30:00,1.8,576,576
10067,10/05/2022 09:40:00,1.8,575,575
10068,10/05/2022 09:50:00,1.8,574,574
10069,10/05/2022 10:00:00,1.8,573,573
10070,10/05/2022 10:10:00,1.8,572,572
10071,10/05/2022 10:20:00,1.8,572,572
10072,10/05/2022 10:30:00,1.8,571,571
10073,10/05/2022 10:40:00,1.8,570,570
10074,10/05/2022 10:50:00,1.8,7,531
10075,10/05/2022 11:00:00,3.1,5,6
10076,10/05/2022 11:10:00,2.5,5,5
10077,10/05/2022 11:20:00,2.1,5,5
10078,10/05/2022 11:30:00,2.8,5,5
10079,10/05/2022 11:40:00,4.9,5,5
10080,10/05/2022 11:50:00,3.4,6,6
10081,10/05/2022 12:00:00,2.6,6,6
10082,10/05/2022 12:10:00,2.2,6,6
10083,10/05/2022 12:20:00,2.0,6,6
10084,10/05/2022 12:30:00,1.9,6,6
10085,10/05/2022 12:40:00,2.0,31,15
10086,10/05/2022 12:50:00,2.0,73,52
10087,10/05/2022 13:00:00,2.0,121,96
10088,10/05/2022 13:10:00,1.9,179,150
10089,10/05/2022 13:20:00,1.9,230,204
10090,10/05/2022 13:30:00,1.9,290,260
10091,10/05/2022 13:40:00,1.9,356,323
10092,10/05/2022 13:50:00,1.9,422,390
10093,10/05/2022 14:00:00,1.9,487,455
10094,10/05/2022 14:10:00,2.0,552,523
10095,10/05/2022 14:20:00,2.0,595,574
10096,10/05/2022 14:30:00,2.0,629,614
10097,10/05/2022 14:40:00,2.0,629,629
10098,10/05/2022 14:50:00,2.0,628,628
10099,10/05/2022 15:00:00,2.0,628,628
10100,10/05/2022 15:10:00,2.0,628,628
10101,10/05/2022 15:20:00,2.0,628,628
10102,10/05/2022 15:30:00,2.0,628,628
10103,10/05/2022 15:40:00,2.0,628,628
10104,10/05/2022 15:50:00,2.0,628,628
10105,10/05/2022 16:00:00,2.0,628,628
10106,10/05/2022 16:10:00,2.0,628,628
10107,10/05/2022 16:20:00,2.0,628,628
10108,10/05/2022 16:30:00,2.0,629,628
10109,10/05/2022 16:40:00,2.1,629,628
10110,10/05/2022 16:50:00,2.0,629,629
10111,10/05/2022 17:00:00,2.0,629,629
10112,10/05/2022 17:10:00,2.0,629,629
10113,10/05/2022 17:20:00,2.0,629,629
10114,10/05/2022 17:30:00,2.0,629,629
10115,10/05/2022 17:40:00,2.0,629,629
10116,10/05/2022 17:50:00,2.0,629,629
10117,10/05/2022 18:00:00,2.0,629,629
10118,10/05/2022 18:10:00,2.0,629,629
10119,10/05/2022 18:20:00,2.0,629,629
10120,10/05/2022 18:30:00,2.0,629,629
10121,10/05/2022 18:40:00,2.0,629,629
10122,10/05/2022 18:50:00,2.0,629,629
10123,10/05/2022 19:00:00,2.0,629,629
10124,10/05/2022 19:10:00,2.0,629,629
10125,10/05/2022 19:20:00,2.0,629,629
10126,10/05/2022 19:30:00,2.0,629,629
10127,10/05/2022 19:40:00,2.0,629,629
10128,10/05/2022 19:50:00,2.0,629,629
10129,10/05/2022 20:00:00,2.0,629,629
10130,10/05/2022 20:10:00,2.0,629,629
10131,10/05/2022 20:20:00,2.0,629,629
10132,10/05/2022 20:30:00,2.0,629,629
10133,10/05/2022 20:40:00,2.0,629,629
10134,10/05/2022 20:50:00,2.0,629,629
10135,10/05/2022 21:00:00,2.0,629,629
10136,10/05/2022 21:10:00,2.0,629,629
10137,10/05/2022 21:20:00,2.0,629,629
10138,10/05/2022 21:30:00,2.0,629,629
10139,10/05/2022 21:40:00,2.0,629,629
10140,10/05/2022 21:50:00,2.0,628,628
10141,10/05/2022 22:00:00,2.0,628,628
10142,10/05/2022 22:10:00,2.0,628,628
10143,10/05/2022 22:20:00,2.0,628,629
10144,10/05/2022 22:30:00,2.0,628,628
10145,10/05/2022 22:40:00,2.0,628,628
10146,10/05/2022 22:50:00,2.0,628,628
10147,10/05/2022 23:00:00,2.0,628,628
10148,10/05/2022 23:10:00,2.0,628,628
10149,10/05/2022 23:20:00,2.0,628,628
10150,10/05/2022 23:30:00,2.0,628,628
10151,10/05/2022 23:40:00,2.0,628,628
10152,10/05/2022 23:50:00,2.0,628,628
10153,11/05/2022 00:00:00,2.0,628,628
10154,11/05/2022 00:10:00,2.0,628,628
10155,11/05/2022 00:20:00,2.0,628,628
10156,11/05/2022 00:30:00,2.0,627,627
10157,11/05/2022 00:40:00,2.0,627,627
10158,11/05/2022 00:50:00,2.0,627,627
10159,11/05/2022 01:00:00,2.0,627,627
10160,11/05/2022 01:10:00,2.0,627,627
10161,11/05/2022 01:20:00,2.0,627,627
10162,11/05/2022 01:30:00,2.0,627,627
10163,11/05/2022 01:40:00,2.0,627,627
10164,11/05/2022 01:50:00,2.0,627,627
10165,11/05/2022 02:00:00,2.0,627,627
10166,11/05/2022 02:10:00,2.0,627,627
10167,11/05/2022 02:20:00,2.0,627,627
10168,11/05/2022 02:30:00,2.0,627,627
10169,11/05/2022 02:40:00,2.0,627,627
10170,11/05/2022 02:50:00,2.0,627,627
10171,11/05/2022 03:00:00,2.0,627,627
10172,11/05/2022 03:10:00,2.0,627,627
10173,11/05/2022 03:20:00,2.0,627,627
10174,11/05/2022 03:30:00,2.1,627,627
10175,11/05/2022 03:40:00,2.1,627,627
10176,11/05/2022 03:50:00,2.1,627,627
10177,11/05/2022 04:00:00,2.1,627,627
10178,11/05/2022 04:10:00,2.1,627,627
10179,11/05/2022 04:20:00,2.1,627,627
10180,11/05/2022 04:30:00,2.1,627,627
10181,11/05/2022 04:40:00,2.1,627,627
10182,11/05/2022 04:50:00,2.1,627,627
10183,11/05/2022 05:00:00,2.1,627,627
10184,11/05/2022 05:10:00,2.1,627,627
10185,11/05/2022 05:20:00,2.1,627,627
10186,11/05/2022 05:30:00,2.1,627,627
10187,11/05/2022 05:40:00,2.1,627,627
10188,11/05/2022 05:50:00,2.1,627,627
10189,11/05/2022 06:00:00,2.1,627,627
10190,11/05/2022 06:10:00,2.1,626,626
10191,11/05/2022 06:20:00,2.1,622,626
10192,11/05/2022 06:30:00,2.1,621,621
10193,11/05/2022 06:40:00,2.1,620,621
10194,11/05/2022 06:50:00,2.1,619,619
10195,11/05/2022 07:00:00,2.1,618,619
10196,11/05/2022 07:10:00,2.1,617,618
10197,11/05/2022 07:20:00,2.1,616,617
10198,11/05/2022 07:30:00,2.1,615,616
10199,11/05/2022 07:40:00,2.1,614,615
10200,11/05/2022 07:50:00,2.1,613,614
10201,11/05/2022 08:00:00,2.1,612,613
10202,11/05/2022 08:10:00,2.2,611,612
10203,11/05/2022 08:20:00,2.2,611,611
10204,11/05/2022 08:30:00,2.2,610,610
10205,11/05/2022 08:40:00,2.2,609,609
10206,11/05/2022 08:50:00,2.2,608,608
10207,11/05/2022 09:00:00,2.2,607,607
10208,11/05/2022 09:10:00,2.2,606,607
10209,11/05/2022 09:20:00,2.2,605,606
10210,11/05/2022 09:30:00,2.2,604,605
10211,11/05/2022 09:40:00,2.2,604,604
10212,11/05/2022 09:50:00,2.2,603,604
10213,11/05/2022 10:00:00,2.2,602,603
10214,11/05/2022 10:10:00,2.2,602,602
10215,11/05/2022 10:20:00,2.2,601,601
10216,11/05/2022 10:30:00,2.2,600,601
10217,11/05/2022 10:40:00,2.2,600,600
10218,11/05/2022 10:50:00,2.2,600,600
10219,11/05/2022 11:00:00,2.2,599,599
10220,11/05/2022 11:10:00,2.2,598,598
10221,11/05/2022 11:20:00,2.2,597,598
10222,11/05/2022 11:30:00,2.2,597,597
10223,11/05/2022 11:40:00,2.2,596,596
10224,11/05/2022 11:50:00,2.2,595,595
10225,11/05/2022 12:00:00,2.2,594,594
10226,11/05/2022 12:10:00,2.2,593,594
10227,11/05/2022 12:20:00,2.2,592,593
10228,11/05/2022 12:30:00,2.3,590,591
10229,11/05/2022 12:40:00,2.3,587,588
10230,11/05/2022 12:50:00,2.3,588,587
10231,11/05/2022 13:00:00,2.3,591,589
10232,11/05/2022 13:10:00,2.3,594,592
10233,11/05/2022 13:20:00,2.3,598,596
10234,11/05/2022 13:30:00,2.3,603,600
10235,11/05/2022 13:40:00,2.3,609,606
10236,11/05/2022 13:50:00,2.3,614,611
10237,11/05/2022 14:00:00,2.4,617,616
10238,11/05/2022 14:10:00,2.4,622,620
10239,11/05/2022 14:20:00,2.4,623,622
10240,11/05/2022 14:30:00,2.4,625,624
10241,11/05/2022 14:40:00,2.4,625,625
10242,11/05/2022 14:50:00,2.4,625,625
10243,11/05/2022 15:00:00,2.4,625,625
10244,11/05/2022 15:10:00,2.4,625,625
10245,11/05/2022 15:20:00,2.4,625,625
10246,11/05/2022 15:30:00,2.4,624,624
10247,11/05/2022 15:40:00,2.5,624,624
10248,11/05/2022 15:50:00,2.5,623,623
10249,11/05/2022 16:00:00,2.5,622,622
10250,11/05/2022 16:10:00,2.5,622,622
10251,11/05/2022 16:20:00,2.5,621,621
10252,11/05/2022 16:30:00,2.5,621,621
10253,11/05/2022 16:40:00,2.5,609,617
10254,11/05/2022 16:50:00,2.5,608,609
10255,11/05/2022 17:00:00,2.5,608,608
10256,11/05/2022 17:10:00,2.5,607,607
10257,11/05/2022 17:20:00,2.5,606,606
10258,11/05/2022 17:30:00,2.4,606,606
10259,11/05/2022 17:40:00,2.4,605,605
10260,11/05/2022 17:50:00,2.4,605,605
10261,11/05/2022 18:00:00,2.4,605,605
10262,11/05/2022 18:10:00,2.4,604,604
10263,11/05/2022 18:20:00,2.4,604,604
10264,11/05/2022 18:30:00,2.4,604,604
10265,11/05/2022 18:40:00,2.4,604,604
10266,11/05/2022 18:50:00,2.4,604,604
10267,11/05/2022 19:00:00,2.4,604,604
10268,11/05/2022 19:10:00,2.4,604,604
10269,11/05/2022 19:20:00,2.4,604,604
10270,11/05/2022 19:30:00,2.5,604,604
10271,11/05/2022 19:40:00,2.5,604,604
10272,11/05/2022 19:50:00,2.5,604,604
10273,11/05/2022 20:00:00,2.4,604,604
10274,11/05/2022 20:10:00,2.5,604,604
10275,11/05/2022 20:20:00,2.4,604,604
10276,11/05/2022 20:30:00,2.4,605,605
10277,11/05/2022 20:40:00,2.4,605,605
10278,11/05/2022 20:50:00,2.4,605,605
10279,11/05/2022 21:00:00,2.4,605,605
10280,11/05/2022 21:10:00,2.4,606,606
10281,11/05/2022 21:20:00,2.4,606,606
10282,11/05/2022 21:30:00,2.4,606,606
10283,11/05/2022 21:40:00,2.4,607,606
10284,11/05/2022 21:50:00,2.4,607,607
10285,11/05/2022 22:00:00,2.4,607,607
10286,11/05/2022 22:10:00,2.4,608,607
10287,11/05/2022 22:20:00,2.4,609,608
10288,11/05/2022 22:30:00,2.4,610,609
10289,11/05/2022 22:40:00,2.4,612,611
10290,11/05/2022 22:50:00,2.4,613,612
10291,11/05/2022 23:00:00,2.4,614,613
10292,11/05/2022 23:10:00,2.4,616,615
10293,11/05/2022 23:20:00,2.4,619,618
10294,11/05/2022 23:30:00,2.4,619,619
10295,11/05/2022 23:40:00,2.4,621,620
10296,11/05/2022 23:50:00,2.4,626,624
10297,12/05/2022 00:00:00,2.4,626,626
10298,12/05/2022 00:10:00,2.4,627,626
10299,12/05/2022 00:20:00,2.4,627,627
10300,12/05/2022 00:30:00,2.4,627,627
10301,12/05/2022 00:40:00,2.4,627,627
10302,12/05/2022 00:50:00,2.4,627,627
10303,12/05/2022 01:00:00,2.4,627,627
10304,12/05/2022 01:10:00,2.4,627,627
10305,12/05/2022 01:20:00,2.4,628,627
10306,12/05/2022 01:30:00,2.4,628,628
10307,12/05/2022 01:40:00,2.4,628,628
10308,12/05/2022 01:50:00,2.4,628,628
10309,12/05/2022 02:00:00,2.4,628,628
10310,12/05/2022 02:10:00,2.4,628,628
10311,12/05/2022 02:20:00,2.4,628,628
10312,12/05/2022 02:30:00,2.4,628,628
10313,12/05/2022 02:40:00,2.4,628,628
10314,12/05/2022 02:50:00,2.4,628,628
10315,12/05/2022 03:00:00,2.4,628,628
10316,12/05/2022 03:10:00,2.4,628,628
10317,12/05/2022 03:20:00,2.4,628,628
10318,12/05/2022 03:30:00,2.4,628,628
10319,12/05/2022 03:40:00,2.4,628,628
10320,12/05/2022 03:50:00,2.4,628,627
10321,12/05/2022 04:00:00,2.4,627,627
10322,12/05/2022 04:10:00,2.4,627,627
10323,12/05/2022 04:20:00,2.4,627,627
10324,12/05/2022 04:30:00,2.4,627,627
10325,12/05/2022 04:40:00,2.4,626,626
10326,12/05/2022 04:50:00,2.4,626,626
10327,12/05/2022 05:00:00,2.4,626,626
10328,12/05/2022 05:10:00,2.4,625,626
10329,12/05/2022 05:20:00,2.4,625,625
10330,12/05/2022 05:30:00,2.4,624,625
10331,12/05/2022 05:40:00,2.4,624,624
10332,12/05/2022 05:50:00,2.4,623,624
10333,12/05/2022 06:00:00,2.4,623,623
10334,12/05/2022 06:10:00,2.5,622,623
10335,12/05/2022 06:20:00,2.4,622,622
10336,12/05/2022 06:30:00,2.5,622,622
10337,12/05/2022 06:40:00,2.5,621,621
10338,12/05/2022 06:50:00,2.5,621,621
10339,12/05/2022 07:00:00,2.5,620,620
10340,12/05/2022 07:10:00,2.5,619,620
10341,12/05/2022 07:20:00,2.5,619,619
10342,12/05/2022 07:30:00,2.5,618,618
10343,12/05/2022 07:40:00,2.5,617,618
10344,12/05/2022 07:50:00,2.5,617,617
10345,12/05/2022 08:00:00,2.5,615,616
10346,12/05/2022 08:10:00,2.5,614,615
10347,12/05/2022 08:20:00,2.5,614,614
10348,12/05/2022 08:30:00,2.5,613,613
10349,12/05/2022 08:40:00,2.5,612,613
10350,12/05/2022 08:50:00,2.5,611,612
10351,12/05/2022 09:00:00,2.5,611,611
10352,12/05/2022 09:10:00,2.5,610,610
10353,12/05/2022 09:20:00,2.5,609,610
10354,12/05/2022 09:30:00,2.5,609,609
10355,12/05/2022 09:40:00,2.5,608,608
10356,12/05/2022 09:50:00,2.5,607,608
10357,12/05/2022 10:00:00,2.5,606,607
10358,12/05/2022 10:10:00,2.5,606,606
10359,12/05/2022 10:20:00,2.5,606,605
10360,12/05/2022 10:30:00,2.5,605,605
10361,12/05/2022 10:40:00,2.5,604,604
10362,12/05/2022 10:50:00,2.5,604,604
10363,12/05/2022 11:00:00,2.5,603,603
10364,12/05/2022 11:10:00,2.5,602,603
10365,12/05/2022 11:20:00,2.5,602,602
10366,12/05/2022 11:30:00,2.5,601,601
10367,12/05/2022 11:40:00,2.5,600,600
10368,12/05/2022 11:50:00,2.5,599,600
10369,12/05/2022 12:00:00,2.5,598,599
10370,12/05/2022 12:10:00,2.5,597,598
10371,12/05/2022 12:20:00,2.5,597,597
10372,12/05/2022 12:30:00,2.5,596,596
10373,12/05/2022 12:40:00,2.5,595,595
10374,12/05/2022 12:50:00,2.5,594,594
10375,12/05/2022 13:00:00,2.5,592,593
10376,12/05/2022 13:10:00,2.6,588,590
10377,12/05/2022 13:20:00,2.6,586,587
10378,12/05/2022 13:30:00,2.6,586,586
10379,12/05/2022 13:40:00,2.6,585,585
10380,12/05/2022 13:50:00,2.6,585,585
10381,12/05/2022 14:00:00,2.6,584,585
10382,12/05/2022 14:10:00,2.6,583,584
10383,12/05/2022 14:20:00,2.7,583,583
10384,12/05/2022 14:30:00,2.7,583,583
10385,12/05/2022 14:40:00,2.7,583,583
10386,12/05/2022 14:50:00,2.7,582,582
10387,12/05/2022 15:00:00,2.7,582,582
10388,12/05/2022 15:10:00,2.7,581,582
10389,12/05/2022 15:20:00,2.7,581,581
10390,12/05/2022 15:30:00,2.7,581,581
10391,12/05/2022 15:40:00,2.7,580,580
10392,12/05/2022 15:50:00,2.7,580,580
10393,12/05/2022 16:00:00,2.7,580,580
10394,12/05/2022 16:10:00,2.7,579,580
10395,12/05/2022 16:20:00,2.7,580,580
10396,12/05/2022 16:30:00,2.7,583,582
10397,12/05/2022 16:40:00,2.7,580,581
10398,12/05/2022 16:50:00,2.7,568,569
10399,12/05/2022 17:00:00,2.7,567,568
10400,12/05/2022 17:10:00,2.7,566,567
10401,12/05/2022 17:20:00,2.7,566,566
10402,12/05/2022 17:30:00,2.7,566,566
10403,12/05/2022 17:40:00,2.7,565,565
10404,12/05/2022 17:50:00,2.7,565,565
10405,12/05/2022 18:00:00,2.7,564,564
10406,12/05/2022 18:10:00,2.7,564,564
10407,12/05/2022 18:20:00,2.7,564,564
10408,12/05/2022 18:30:00,2.7,563,563
10409,12/05/2022 18:40:00,2.7,563,563
10410,12/05/2022 18:50:00,2.7,562,562
10411,12/05/2022 19:00:00,2.6,562,562
10412,12/05/2022 19:10:00,2.6,561,562
10413,12/05/2022 19:20:00,2.6,561,561
10414,12/05/2022 19:30:00,2.6,560,561
10415,12/05/2022 19:40:00,2.6,560,560
10416,12/05/2022 19:50:00,2.6,559,560
10417,12/05/2022 20:00:00,2.6,559,559
10418,12/05/2022 20:10:00,2.6,558,559
10419,12/05/2022 20:20:00,2.6,558,558
10420,12/05/2022 20:30:00,2.6,558,558
10421,12/05/2022 20:40:00,2.6,557,557
10422,12/05/2022 20:50:00,2.6,557,557
10423,12/05/2022 21:00:00,2.6,556,557
10424,12/05/2022 21:10:00,2.6,557,557
10425,12/05/2022 21:20:00,2.6,557,557
10426,12/05/2022 21:30:00,2.6,558,558
10427,12/05/2022 21:40:00,2.6,558,558
10428,12/05/2022 21:50:00,2.6,558,558
10429,12/05/2022 22:00:00,2.6,558,558
10430,12/05/2022 22:10:00,2.6,562,560
10431,12/05/2022 22:20:00,2.6,562,562
10432,12/05/2022 22:30:00,2.6,562,562
10433,12/05/2022 22:40:00,2.6,566,566
10434,12/05/2022 22:50:00,2.6,565,565
10435,12/05/2022 23:00:00,2.6,565,565
10436,12/05/2022 23:10:00,2.6,564,564
10437,12/05/2022 23:20:00,2.6,564,564
10438,12/05/2022 23:30:00,2.6,563,563
10439,12/05/2022 23:40:00,2.6,563,563
10440,12/05/2022 23:50:00,2.6,562,562
10441,13/05/2022 00:00:00,2.6,562,562
10442,13/05/2022 00:10:00,2.6,561,561
10443,13/05/2022 00:20:00,2.6,561,561
10444,13/05/2022 00:30:00,2.6,560,560
10445,13/05/2022 00:40:00,2.6,560,560
10446,13/05/2022 00:50:00,2.6,560,560
10447,13/05/2022 01:00:00,2.6,559,559
10448,13/05/2022 01:10:00,2.6,559,559
10449,13/05/2022 01:20:00,2.6,558,558
10450,13/05/2022 01:30:00,2.6,558,558
10451,13/05/2022 01:40:00,2.6,557,557
10452,13/05/2022 01:50:00,2.6,557,557
10453,13/05/2022 02:00:00,2.6,556,557
10454,13/05/2022 02:10:00,2.6,556,556
10455,13/05/2022 02:20:00,2.6,555,556
10456,13/05/2022 02:30:00,2.6,555,555
10457,13/05/2022 02:40:00,2.6,555,555
10458,13/05/2022 02:50:00,2.6,554,554
10459,13/05/2022 03:00:00,2.6,554,554
10460,13/05/2022 03:10:00,2.6,553,553
10461,13/05/2022 03:20:00,2.6,553,553
10462,13/05/2022 03:30:00,2.6,553,553
10463,13/05/2022 03:40:00,2.6,552,552
10464,13/05/2022 03:50:00,2.6,552,552
10465,13/05/2022 04:00:00,2.6,551,551
10466,13/05/2022 04:10:00,2.6,551,551
10467,13/05/2022 04:20:00,2.6,550,551
10468,13/05/2022 04:30:00,2.6,550,550
10469,13/05/2022 04:40:00,2.6,549,550
10470,13/05/2022 04:50:00,2.6,549,549
10471,13/05/2022 05:00:00,2.6,548,549
10472,13/05/2022 05:10:00,2.6,548,548
10473,13/05/2022 05:20:00,2.6,547,548
10474,13/05/2022 05:30:00,2.6,547,547
10475,13/05/2022 05:40:00,2.6,547,547
10476,13/05/2022 05:50:00,2.6,546,547
10477,13/05/2022 06:00:00,2.6,546,546
10478,13/05/2022 06:10:00,2.6,545,546
10479,13/05/2022 06:20:00,2.6,545,545
10480,13/05/2022 06:30:00,2.6,545,545
10481,13/05/2022 06:40:00,2.6,544,544
10482,13/05/2022 06:50:00,2.6,544,544
10483,13/05/2022 07:00:00,2.6,543,543
10484,13/05/2022 07:10:00,2.6,543,543
10485,13/05/2022 07:20:00,2.6,542,542
10486,13/05/2022 07:30:00,2.6,542,542
10487,13/05/2022 07:40:00,2.6,541,541
10488,13/05/2022 07:50:00,2.6,541,541
10489,13/05/2022 08:00:00,2.6,540,540
10490,13/05/2022 08:10:00,2.6,540,540
10491,13/05/2022 08:20:00,2.6,539,539
10492,13/05/2022 08:30:00,2.6,539,539
10493,13/05/2022 08:40:00,2.6,538,539
10494,13/05/2022 08:50:00,2.6,538,538
10495,13/05/2022 09:00:00,2.6,538,538
10496,13/05/2022 09:10:00,2.6,537,537
10497,13/05/2022 09:20:00,2.6,537,537
10498,13/05/2022 09:30:00,2.6,536,537
10499,13/05/2022 09:40:00,2.6,536,536
10500,13/05/2022 09:50:00,2.6,536,536
10501,13/05/2022 10:00:00,2.6,535,535
10502,13/05/2022 10:10:00,2.6,535,535
10503,13/05/2022 10:20:00,2.6,535,535
10504,13/05/2022 10:30:00,2.6,534,534
10505,13/05/2022 10:40:00,2.6,534,534
10506,13/05/2022 10:50:00,2.6,533,534
10507,13/05/2022 11:00:00,2.6,533,533
10508,13/05/2022 11:10:00,2.6,533,533
10509,13/05/2022 11:20:00,2.6,532,532
10510,13/05/2022 11:30:00,2.6,532,532
10511,13/05/2022 11:40:00,2.6,532,532
10512,13/05/2022 11:50:00,2.6,531,531
10513,13/05/2022 12:00:00,2.6,531,531
10514,13/05/2022 12:10:00,2.6,530,531
10515,13/05/2022 12:20:00,2.6,530,530
10516,13/05/2022 12:30:00,2.6,530,530
10517,13/05/2022 12:40:00,2.6,529,529
10518,13/05/2022 12:50:00,2.6,528,529
10519,13/05/2022 13:00:00,2.6,528,528
10520,13/05/2022 13:10:00,2.6,524,526
10521,13/05/2022 13:20:00,2.7,524,524
10522,13/05/2022 13:30:00,2.7,523,523
10523,13/05/2022 13:40:00,2.7,523,523
10524,13/05/2022 13:50:00,2.7,523,523
10525,13/05/2022 14:00:00,2.7,523,523
10526,13/05/2022 14:10:00,2.7,523,523
10527,13/05/2022 14:20:00,2.7,522,522
10528,13/05/2022 14:30:00,2.7,523,522
10529,13/05/2022 14:40:00,2.7,523,522
10530,13/05/2022 14:50:00,2.7,522,522
10531,13/05/2022 15:00:00,2.7,523,522
10532,13/05/2022 15:10:00,2.8,522,522
10533,13/05/2022 15:20:00,2.8,522,522
10534,13/05/2022 15:30:00,2.8,522,522
10535,13/05/2022 15:40:00,2.8,522,522
10536,13/05/2022 15:50:00,2.8,522,522
10537,13/05/2022 16:00:00,2.8,523,522
10538,13/05/2022 16:10:00,2.8,523,522
10539,13/05/2022 16:20:00,2.9,523,523
10540,13/05/2022 16:30:00,2.8,526,525
10541,13/05/2022 16:40:00,2.8,513,524
10542,13/05/2022 16:50:00,2.8,513,513
10543,13/05/2022 17:00:00,2.8,512,512
10544,13/05/2022 17:10:00,2.7,512,512
10545,13/05/2022 17:20:00,2.7,512,512
10546,13/05/2022 17:30:00,2.7,512,512
10547,13/05/2022 17:40:00,2.7,511,512
10548,13/05/2022 17:50:00,2.7,512,512
10549,13/05/2022 18:00:00,2.7,512,512
10550,13/05/2022 18:10:00,2.7,512,512
10551,13/05/2022 18:20:00,2.7,512,512
10552,13/05/2022 18:30:00,2.7,512,512
10553,13/05/2022 18:40:00,2.7,512,512
10554,13/05/2022 18:50:00,2.7,513,512
10555,13/05/2022 19:00:00,2.7,513,513
10556,13/05/2022 19:10:00,2.7,513,513
10557,13/05/2022 19:20:00,2.7,513,513
10558,13/05/2022 19:30:00,2.7,513,513
10559,13/05/2022 19:40:00,2.7,514,513
10560,13/05/2022 19:50:00,2.7,514,514
10561,13/05/2022 20:00:00,2.7,514,514
10562,13/05/2022 20:10:00,2.7,514,514
10563,13/05/2022 20:20:00,2.7,515,514
10564,13/05/2022 20:30:00,2.6,515,515
10565,13/05/2022 20:40:00,2.6,515,515
10566,13/05/2022 20:50:00,2.6,516,515
10567,13/05/2022 21:00:00,2.6,516,516
10568,13/05/2022 21:10:00,2.6,516,516
10569,13/05/2022 21:20:00,2.6,518,517
10570,13/05/2022 21:30:00,2.6,519,518
10571,13/05/2022 21:40:00,2.6,520,520
10572,13/05/2022 21:50:00,2.6,521,521
10573,13/05/2022 22:00:00,2.6,522,521
10574,13/05/2022 22:10:00,2.6,526,525
10575,13/05/2022 22:20:00,2.6,531,527
10576,13/05/2022 22:30:00,2.6,532,531
10577,13/05/2022 22:40:00,2.6,532,532
10578,13/05/2022 22:50:00,2.6,532,532
10579,13/05/2022 23:00:00,2.6,532,532
10580,13/05/2022 23:10:00,2.6,532,532
10581,13/05/2022 23:20:00,2.6,532,532
10582,13/05/2022 23:30:00,2.6,532,532
10583,13/05/2022 23:40:00,2.6,532,532
10584,13/05/2022 23:50:00,2.6,532,532
10585,14/05/2022 00:00:00,2.6,532,532
10586,14/05/2022 00:10:00,2.6,532,532
10587,14/05/2022 00:20:00,2.6,532,532
10588,14/05/2022 00:30:00,2.6,532,532
10589,14/05/2022 00:40:00,2.6,532,532
10590,14/05/2022 00:50:00,2.6,532,532
10591,14/05/2022 01:00:00,2.6,532,532
10592,14/05/2022 01:10:00,2.6,532,532
10593,14/05/2022 01:20:00,2.6,532,532
10594,14/05/2022 01:30:00,2.6,532,532
10595,14/05/2022 01:40:00,2.6,532,532
10596,14/05/2022 01:50:00,2.6,531,532
10597,14/05/2022 02:00:00,2.6,531,531
10598,14/05/2022 02:10:00,2.6,531,531
10599,14/05/2022 02:20:00,2.6,531,531
10600,14/05/2022 02:30:00,2.6,531,531
10601,14/05/2022 02:40:00,2.6,530,531
10602,14/05/2022 02:50:00,2.6,530,530
10603,14/05/2022 03:00:00,2.6,530,530
10604,14/05/2022 03:10:00,2.6,530,530
10605,14/05/2022 03:20:00,2.6,529,530
10606,14/05/2022 03:30:00,2.6,529,529
10607,14/05/2022 03:40:00,2.6,529,529
10608,14/05/2022 03:50:00,2.6,529,529
10609,14/05/2022 04:00:00,2.6,529,529
10610,14/05/2022 04:10:00,2.6,528,528
10611,14/05/2022 04:20:00,2.6,528,528
10612,14/05/2022 04:30:00,2.6,528,528
10613,14/05/2022 04:40:00,2.6,528,528
10614,14/05/2022 04:50:00,2.6,527,527
10615,14/05/2022 05:00:00,2.6,527,527
10616,14/05/2022 05:10:00,2.6,527,527
10617,14/05/2022 05:20:00,2.6,527,527
10618,14/05/2022 05:30:00,2.6,526,526
10619,14/05/2022 05:40:00,2.6,526,526
10620,14/05/2022 05:50:00,2.6,526,526
10621,14/05/2022 06:00:00,2.6,526,525
10622,14/05/2022 06:10:00,2.6,525,525
10623,14/05/2022 06:20:00,2.6,525,525
10624,14/05/2022 06:30:00,2.6,524,525
10625,14/05/2022 06:40:00,2.6,524,524
10626,14/05/2022 06:50:00,2.6,524,524
10627,14/05/2022 07:00:00,2.6,523,524
10628,14/05/2022 07:10:00,2.6,523,523
10629,14/05/2022 07:20:00,2.6,523,523
10630,14/05/2022 07:30:00,2.6,522,522
10631,14/05/2022 07:40:00,2.6,522,522
10632,14/05/2022 07:50:00,2.6,521,522
10633,14/05/2022 08:00:00,2.6,521,521
10634,14/05/2022 08:10:00,2.6,521,521
10635,14/05/2022 08:20:00,2.6,520,520
10636,14/05/2022 08:30:00,2.6,520,520
10637,14/05/2022 08:40:00,2.6,519,520
10638,14/05/2022 08:50:00,2.6,519,519
10639,14/05/2022 09:00:00,2.6,519,519
10640,14/05/2022 09:10:00,2.6,518,519
10641,14/05/2022 09:20:00,2.6,518,518
10642,14/05/2022 09:30:00,2.6,518,518
10643,14/05/2022 09:40:00,2.6,517,518
10644,14/05/2022 09:50:00,2.6,517,517
10645,14/05/2022 10:00:00,2.6,517,517
10646,14/05/2022 10:10:00,2.6,516,516
10647,14/05/2022 10:20:00,2.6,516,516
10648,14/05/2022 10:30:00,2.6,516,516
10649,14/05/2022 10:40:00,2.6,515,515
10650,14/05/2022 10:50:00,2.6,515,515
10651,14/05/2022 11:00:00,2.6,515,515
10652,14/05/2022 11:10:00,2.6,514,514
10653,14/05/2022 11:20:00,2.6,514,514
10654,14/05/2022 11:30:00,2.6,514,514
10655,14/05/2022 11:40:00,2.6,513,513
10656,14/05/2022 11:50:00,2.6,513,513
10657,14/05/2022 12:00:00,2.6,512,513
10658,14/05/2022 12:10:00,2.6,512,512
10659,14/05/2022 12:20:00,2.6,512,512
10660,14/05/2022 12:30:00,2.6,511,511
10661,14/05/2022 12:40:00,2.6,511,511
10662,14/05/2022 12:50:00,2.6,510,510
10663,14/05/2022 13:00:00,2.7,509,510
10664,14/05/2022 13:10:00,2.7,506,508
10665,14/05/2022 13:20:00,2.7,505,505
10666,14/05/2022 13:30:00,2.7,505,505
10667,14/05/2022 13:40:00,2.7,505,505
10668,14/05/2022 13:50:00,2.7,505,505
10669,14/05/2022 14:00:00,2.8,504,505
10670,14/05/2022 14:10:00,2.8,504,504
10671,14/05/2022 14:20:00,2.9,504,504
10672,14/05/2022 14:30:00,2.9,504,504
10673,14/05/2022 14:40:00,2.8,504,504
10674,14/05/2022 14:50:00,2.9,504,504
10675,14/05/2022 15:00:00,2.9,504,504
10676,14/05/2022 15:10:00,2.9,504,504
10677,14/05/2022 15:20:00,3.0,505,504
10678,14/05/2022 15:30:00,2.9,504,504
10679,14/05/2022 15:40:00,2.9,504,504
10680,14/05/2022 15:50:00,3.0,504,504
10681,14/05/2022 16:00:00,3.1,504,504
10682,14/05/2022 16:10:00,2.9,506,505
10683,14/05/2022 16:20:00,2.9,504,506
10684,14/05/2022 16:30:00,2.9,504,504
10685,14/05/2022 16:40:00,2.9,504,503
10686,14/05/2022 16:50:00,2.9,504,504
10687,14/05/2022 17:00:00,2.9,505,505
10688,14/05/2022 17:10:00,2.9,506,506
10689,14/05/2022 17:20:00,2.9,506,506
10690,14/05/2022 17:30:00,2.9,507,506
10691,14/05/2022 17:40:00,2.9,507,507
10692,14/05/2022 17:50:00,2.9,507,507
10693,14/05/2022 18:00:00,2.9,507,507
10694,14/05/2022 18:10:00,2.9,507,507
10695,14/05/2022 18:20:00,2.9,508,507
10696,14/05/2022 18:30:00,2.9,508,508
10697,14/05/2022 18:40:00,2.8,509,508
10698,14/05/2022 18:50:00,2.8,509,509
10699,14/05/2022 19:00:00,2.8,509,509
10700,14/05/2022 19:10:00,2.8,509,509
10701,14/05/2022 19:20:00,2.8,510,509
10702,14/05/2022 19:30:00,2.8,510,510
10703,14/05/2022 19:40:00,2.8,510,510
10704,14/05/2022 19:50:00,2.8,510,510
10705,14/05/2022 20:00:00,2.8,510,510
10706,14/05/2022 20:10:00,2.8,511,511
10707,14/05/2022 20:20:00,2.8,511,511
10708,14/05/2022 20:30:00,2.8,511,511
10709,14/05/2022 20:40:00,2.8,511,511
10710,14/05/2022 20:50:00,2.8,512,512
10711,14/05/2022 21:00:00,2.8,512,512
10712,14/05/2022 21:10:00,2.7,512,512
10713,14/05/2022 21:20:00,2.7,512,512
10714,14/05/2022 21:30:00,2.7,513,513
10715,14/05/2022 21:40:00,2.7,513,513
10716,14/05/2022 21:50:00,2.7,513,513
10717,14/05/2022 22:00:00,2.7,513,513
10718,14/05/2022 22:10:00,2.7,514,513
10719,14/05/2022 22:20:00,2.7,514,514
10720,14/05/2022 22:30:00,2.7,514,514
10721,14/05/2022 22:40:00,2.7,514,514
10722,14/05/2022 22:50:00,2.7,514,514
10723,14/05/2022 23:00:00,2.7,515,514
10724,14/05/2022 23:10:00,2.7,515,515
10725,14/05/2022 23:20:00,2.7,515,515
10726,14/05/2022 23:30:00,2.7,515,515
10727,14/05/2022 23:40:00,2.7,515,515
10728,14/05/2022 23:50:00,2.7,516,515
10729,15/05/2022 00:00:00,2.7,516,516
10730,15/05/2022 00:10:00,2.7,516,516
10731,15/05/2022 00:20:00,2.7,516,516
10732,15/05/2022 00:30:00,2.7,516,516
10733,15/05/2022 00:40:00,2.7,516,516
10734,15/05/2022 00:50:00,2.7,516,516
10735,15/05/2022 01:00:00,2.7,516,516
10736,15/05/2022 01:10:00,2.7,516,516
10737,15/05/2022 01:20:00,2.7,516,516
10738,15/05/2022 01:30:00,2.7,516,516
10739,15/05/2022 01:40:00,2.7,516,516
10740,15/05/2022 01:50:00,2.7,516,516
10741,15/05/2022 02:00:00,2.7,516,516
10742,15/05/2022 02:10:00,2.7,516,516
10743,15/05/2022 02:20:00,2.7,516,516
10744,15/05/2022 02:30:00,2.7,516,516
10745,15/05/2022 02:40:00,2.7,516,516
10746,15/05/2022 02:50:00,2.7,516,516
10747,15/05/2022 03:00:00,2.7,516,515
10748,15/05/2022 03:10:00,2.7,517,515
10749,15/05/2022 03:20:00,2.7,517,517
10750,15/05/2022 03:30:00,2.7,517,517
10751,15/05/2022 03:40:00,2.7,517,517
10752,15/05/2022 03:50:00,2.7,517,517
10753,15/05/2022 04:00:00,2.7,516,516
10754,15/05/2022 04:10:00,2.7,516,516
10755,15/05/2022 04:20:00,2.7,516,516
10756,15/05/2022 04:30:00,2.7,516,516
10757,15/05/2022 04:40:00,2.7,516,516
10758,15/05/2022 04:50:00,2.7,515,515
10759,15/05/2022 05:00:00,2.7,515,515
10760,15/05/2022 05:10:00,2.7,515,515
10761,15/05/2022 05:20:00,2.7,515,515
10762,15/05/2022 05:30:00,2.7,514,514
10763,15/05/2022 05:40:00,2.7,514,514
10764,15/05/2022 05:50:00,2.7,514,514
10765,15/05/2022 06:00:00,2.7,513,514
10766,15/05/2022 06:10:00,2.7,513,513
10767,15/05/2022 06:20:00,2.7,513,513
10768,15/05/2022 06:30:00,2.7,513,513
10769,15/05/2022 06:40:00,2.7,513,513
10770,15/05/2022 06:50:00,2.7,513,513
10771,15/05/2022 07:00:00,2.7,512,513
10772,15/05/2022 07:10:00,2.7,512,512
10773,15/05/2022 07:20:00,2.7,511,512
10774,15/05/2022 07:30:00,2.7,510,511
10775,15/05/2022 07:40:00,2.7,510,510
10776,15/05/2022 07:50:00,2.7,510,510
10777,15/05/2022 08:00:00,2.7,509,509
10778,15/05/2022 08:10:00,2.7,508,509
10779,15/05/2022 08:20:00,2.7,507,508
10780,15/05/2022 08:30:00,2.7,507,507
10781,15/05/2022 08:40:00,2.7,506,506
10782,15/05/2022 08:50:00,2.7,506,506
10783,15/05/2022 09:00:00,2.7,506,506
10784,15/05/2022 09:10:00,2.7,505,506
10785,15/05/2022 09:20:00,2.7,505,505
10786,15/05/2022 09:30:00,2.7,505,505
10787,15/05/2022 09:40:00,2.7,505,505
10788,15/05/2022 09:50:00,2.7,505,505
10789,15/05/2022 10:00:00,2.7,505,505
10790,15/05/2022 10:10:00,2.7,505,505
10791,15/05/2022 10:20:00,2.7,505,505
10792,15/05/2022 10:30:00,2.7,505,505
10793,15/05/2022 10:40:00,2.7,505,505
10794,15/05/2022 10:50:00,2.7,505,505
10795,15/05/2022 11:00:00,2.7,505,505
10796,15/05/2022 11:10:00,2.7,505,505
10797,15/05/2022 11:20:00,2.7,506,505
10798,15/05/2022 11:30:00,2.7,505,505
10799,15/05/2022 11:40:00,2.8,505,505
10800,15/05/2022 11:50:00,2.8,505,505
10801,15/05/2022 12:00:00,2.7,505,505
10802,15/05/2022 12:10:00,2.7,505,505
10803,15/05/2022 12:20:00,2.8,505,505
10804,15/05/2022 12:30:00,2.8,505,505
10805,15/05/2022 12:40:00,2.8,505,505
10806,15/05/2022 12:50:00,2.8,505,505
10807,15/05/2022 13:00:00,2.8,504,504
10808,15/05/2022 13:10:00,2.8,504,504
10809,15/05/2022 13:20:00,2.8,504,504
10810,15/05/2022 13:30:00,2.8,505,504
10811,15/05/2022 13:40:00,2.8,505,505
10812,15/05/2022 13:50:00,2.9,505,505
10813,15/05/2022 14:00:00,2.9,505,505
10814,15/05/2022 14:10:00,2.9,505,505
10815,15/05/2022 14:20:00,2.9,506,505
10816,15/05/2022 14:30:00,2.9,506,506
10817,15/05/2022 14:40:00,2.9,506,506
10818,15/05/2022 14:50:00,2.9,505,505
10819,15/05/2022 15:00:00,2.9,505,505
10820,15/05/2022 15:10:00,2.9,506,506
10821,15/05/2022 15:20:00,2.9,506,506
10822,15/05/2022 15:30:00,2.9,506,506
10823,15/05/2022 15:40:00,3.0,507,506
10824,15/05/2022 15:50:00,3.0,507,507
10825,15/05/2022 16:00:00,3.0,507,507
10826,15/05/2022 16:10:00,3.0,507,507
10827,15/05/2022 16:20:00,3.0,508,507
10828,15/05/2022 16:30:00,3.0,508,508
10829,15/05/2022 16:40:00,3.0,508,508
10830,15/05/2022 16:50:00,3.0,509,508
10831,15/05/2022 17:00:00,3.0,509,509
10832,15/05/2022 17:10:00,3.0,509,509
10833,15/05/2022 17:20:00,3.0,509,509
10834,15/05/2022 17:30:00,3.0,509,509
10835,15/05/2022 17:40:00,3.0,510,509
10836,15/05/2022 17:50:00,3.0,509,510
10837,15/05/2022 18:00:00,3.0,510,510
10838,15/05/2022 18:10:00,3.0,510,510
10839,15/05/2022 18:20:00,2.9,510,510
10840,15/05/2022 18:30:00,2.9,511,511
10841,15/05/2022 18:40:00,2.9,511,511
10842,15/05/2022 18:50:00,2.9,511,511
10843,15/05/2022 19:00:00,2.9,512,512
10844,15/05/2022 19:10:00,2.9,513,512
10845,15/05/2022 19:20:00,2.9,514,513
10846,15/05/2022 19:30:00,2.9,515,514
10847,15/05/2022 19:40:00,2.9,516,516
10848,15/05/2022 19:50:00,2.9,517,517
10849,15/05/2022 20:00:00,2.9,518,517
10850,15/05/2022 20:10:00,2.9,519,518
10851,15/05/2022 20:20:00,2.9,519,519
10852,15/05/2022 20:30:00,2.9,520,520
10853,15/05/2022 20:40:00,2.9,520,520
10854,15/05/2022 20:50:00,2.9,522,521
10855,15/05/2022 21:00:00,2.9,525,524
10856,15/05/2022 21:10:00,2.9,525,525
10857,15/05/2022 21:20:00,2.9,525,525
10858,15/05/2022 21:30:00,2.9,525,525
10859,15/05/2022 21:40:00,2.9,525,525
10860,15/05/2022 21:50:00,2.9,525,525
10861,15/05/2022 22:00:00,2.9,525,525
10862,15/05/2022 22:10:00,2.9,525,525
10863,15/05/2022 22:20:00,2.9,525,525
10864,15/05/2022 22:30:00,2.9,524,524
10865,15/05/2022 22:40:00,2.9,525,524
10866,15/05/2022 22:50:00,2.9,525,524
10867,15/05/2022 23:00:00,2.9,524,525
10868,15/05/2022 23:10:00,2.9,525,525
10869,15/05/2022 23:20:00,2.9,525,525
10870,15/05/2022 23:30:00,2.9,525,525
10871,15/05/2022 23:40:00,2.9,524,525
10872,15/05/2022 23:50:00,2.9,524,524
10873,16/05/2022 00:00:00,2.9,524,524
10874,16/05/2022 00:10:00,2.9,524,524
10875,16/05/2022 00:20:00,2.9,524,524
10876,16/05/2022 00:30:00,2.9,524,524
10877,16/05/2022 00:40:00,2.9,523,524
10878,16/05/2022 00:50:00,2.9,524,524
10879,16/05/2022 01:00:00,2.9,524,524
10880,16/05/2022 01:10:00,2.9,524,524
10881,16/05/2022 01:20:00,2.9,524,524
10882,16/05/2022 01:30:00,2.9,524,524
10883,16/05/2022 01:40:00,2.9,525,525
10884,16/05/2022 01:50:00,2.9,525,525
10885,16/05/2022 02:00:00,2.9,525,525
10886,16/05/2022 02:10:00,2.9,525,525
10887,16/05/2022 02:20:00,2.9,525,525
10888,16/05/2022 02:30:00,2.9,525,525
10889,16/05/2022 02:40:00,2.9,525,525
10890,16/05/2022 02:50:00,2.9,525,525
10891,16/05/2022 03:00:00,2.9,525,525
10892,16/05/2022 03:10:00,2.9,525,525
10893,16/05/2022 03:20:00,2.9,525,525
10894,16/05/2022 03:30:00,2.9,525,525
10895,16/05/2022 03:40:00,2.9,525,525
10896,16/05/2022 03:50:00,2.9,525,525
10897,16/05/2022 04:00:00,2.9,524,524
10898,16/05/2022 04:10:00,2.9,524,524
10899,16/05/2022 04:20:00,2.9,524,524
10900,16/05/2022 04:30:00,2.9,524,524
10901,16/05/2022 04:40:00,2.9,524,524
10902,16/05/2022 04:50:00,2.9,523,523
10903,16/05/2022 05:00:00,2.9,523,523
10904,16/05/2022 05:10:00,2.9,523,523
10905,16/05/2022 05:20:00,2.9,523,523
10906,16/05/2022 05:30:00,2.9,522,523
10907,16/05/2022 05:40:00,2.9,522,522
10908,16/05/2022 05:50:00,2.9,522,522
10909,16/05/2022 06:00:00,2.9,522,522
10910,16/05/2022 06:10:00,2.9,522,522
10911,16/05/2022 06:20:00,2.9,521,522
10912,16/05/2022 06:30:00,2.9,521,521
10913,16/05/2022 06:40:00,2.9,521,521
10914,16/05/2022 06:50:00,2.9,520,521
10915,16/05/2022 07:00:00,2.9,520,521
10916,16/05/2022 07:10:00,2.9,520,520
10917,16/05/2022 07:20:00,2.9,520,520
10918,16/05/2022 07:30:00,2.9,520,520
10919,16/05/2022 07:40:00,2.9,520,520
10920,16/05/2022 07:50:00,2.9,519,519
10921,16/05/2022 08:00:00,2.9,519,519
10922,16/05/2022 08:10:00,2.9,518,518
10923,16/05/2022 08:20:00,2.9,518,518
10924,16/05/2022 08:30:00,2.9,518,518
10925,16/05/2022 08:40:00,2.9,517,517
10926,16/05/2022 08:50:00,2.9,517,517
10927,16/05/2022 09:00:00,2.9,517,517
10928,16/05/2022 09:10:00,2.9,517,517
10929,16/05/2022 09:20:00,2.9,517,517
10930,16/05/2022 09:30:00,2.9,517,518
10931,16/05/2022 09:40:00,2.9,518,518
10932,16/05/2022 09:50:00,2.9,518,518
10933,16/05/2022 10:00:00,2.9,518,518
10934,16/05/2022 10:10:00,2.9,518,518
10935,16/05/2022 10:20:00,2.9,518,518
10936,16/05/2022 10:30:00,2.9,518,518
10937,16/05/2022 10:40:00,2.9,518,518
10938,16/05/2022 10:50:00,3.0,518,518
10939,16/05/2022 11:00:00,3.0,518,518
10940,16/05/2022 11:10:00,3.0,518,518
10941,16/05/2022 11:20:00,3.0,518,518
10942,16/05/2022 11:30:00,3.0,518,518
10943,16/05/2022 11:40:00,3.0,518,518
10944,16/05/2022 11:50:00,2.9,518,518
,,,,
,,,,
,,,,
,,,,
,,,,
,,,,
,,,,
,,,,